1000000
1000030
1000470
1001570
1002590
1003730
1003830
1003930
1004000
1004310
1004560
1004770
1005210
1005220
1005230
1005240
1006220
1006410
1007410
1007620
1007880
1008140
1009180
1009590
1009750
1009870
1010830
1010950
1011750
1012120
1012600
1013000
1014270
1016350
1016890
1017100
1017580
1017610
1018130
1019190
1020450
1020610
1022010
1022130
1022270
1022960
1023010
1023020
1023650
1025160
1025180
1025330
1026030
1026130
1026160
1026910
1027140
1027200
1027480
1028570
1029100
1029120
1029170
1029210
1029590
1029840
1029980
1031730
1031970
1032260
1032560
1032570
1033580
1033630
1033780
1034920
1035110
1035280
1035470
1035640
1035830
1035890
1036000
1036850
1036900
1036950
1037100
1037330
1037350
1037540
1038850
1039200
1039350
1040860
1041330
1041500
1042160
1042210
1042900
1043150
1043180
1044450
1045310
1045730
1046770
1047500
1047810
1048030
1048860
1049310
1049490
1049530
1049670
1050230
1050370
1050910
1051370
1052250
1052380
1052640
1052870
1053630
1054640
1054710
1055360
1055590
1055960
1056650
1056720
1057040
1057780
1058200
1058210
1058230
1058470
1058620
1058640
1058760
1059090
1059370
1059690
1060040
1060110
1060690
1061260
1062140
1062220
1062480
1062600
1062670
1063710
1063830
1064420
1064490
1065560
1066010
1066590
1067580
1068110
1068840
1069080
1069140
1069150
1069250
1069850
1070590
1070860
1071640
1071660
1071990
1072210
1072400
1072670
1072800
1073100
1073120
1073210
1073400
1073710
1074400
1074440
1076050
1076480
1076600
1077420
1077450
1077470
1077490
1077560
1078200
1078360
1078460
1079060
1079470
1079500
1079870
1079910
1081590
1082080
1082480
1082620
1083660
1084150
1084220
1084390
1084530
1084770
1085080
1085280
1085570
1085640
1085790
1085990
1086260
1086270
1086880
1087260
1087620
1088400
1088420
1088500
1088580
1089110
1089960
1090400
1090540
1090650
1091950
1092750
1092850
1093120
1093180
1093460
1093790
1094070
1094460
1095200
1095300
1095750
1096180
1096210
1097560
1097650
1098280
1098420
1098910
1099460
1099520
1101260
1102420
1102570
1102650
1102700
1102750
1103390
1103410
1103430
1103970
1104280
1104950
1106340
1107470
1108630
1109080
1109170
1109900
1110050
1110200
1110790
1110970
1111560
1112300
1113290
1113530
1113650
1114030
1114090
1114470
1114530
1114940
1115050
1115470
1115610
1115870
1116110
1116180
1116290
1116860
1117210
1117370
1117600
1117840
1117890
1118050
1118320
1118410
1118580
1118730
1119010
1119070
1120420
1120690
1121230
1122760
1123030
1123080
1123450
1123690
1123930
1124430
1124560
1124970
1125060
1125110
1125450
1126630
1126880
1127000
1127270
1127900
1128100
1128310
1129090
1129260
1129330
1129430
1130660
1130970
1131070
1131360
1131490
1132490
1132640
1133050
1134630
1135030
1135040
1135050
1135060
1135090
1135110
1135130
1135150
1135170
1135200
1135210
1135370
1135480
1135800
1135810
1136030
1136870
1137730
1138050
1138100
1138530
1138810
1140170
1140490
1140750
1140890
1141130
1141200
1141220
1141230
1141370
1141450
1142000
1142200
1142300
1142480
1142730
1142790
1143350
1143420
1143810
1143900
1144140
1144260
1144280
1144320
1144850
1144910
1144930
1145680
1146090
1147180
1147390
1147850
1147860
1148500
1148620
1149060
1149220
1150780
1150810
1151180
1151920
1152020
1152410
1152450
1153100
1153570
1154090
1154340
1154640
1155390
1155560
1155940
1156420
1156510
1156850
1156940
1157060
1157140
1157670
1157720
1157780
1157890
1157900
1158020
1159240
1160020
1160430
1160700
1160750
1161360
1161470
1161680
1161910
1162470
1162690
1162820
1163090
1163410
1163450
1163740
1164570
1164820
1164910
1165140
1165600
1165960
1167190
1167270
1167380
1167460
1169060
1169140
1170030
1170050
1170110
1170120
1171120
1171660
1172200
1172410
1172950
1173280
1173400
1173410
1173640
1173700
1173960
1174430
1174850
1175050
1175460
1175480
1175570
1175650
1177030
1177300
1177820
1177960
1178380
1179080
1179340
1180620
1180790
1181000
1181360
1181470
1182550
1182590
1183410
1184360
1184450
1184470
1184750
1184760
1185130
1185400
1185660
1185740
1185820
1186120
1186170
1186950
1186980
1187020
1187560
1188000
1188020
1188970
1189090
1189220
1190370
1190620
1190930
1191090
1191250
1191660
1193450
1193520
1193580
1193590
1194620
1194940
1195260
1197100
1197240
1197490
1198210
1198600
1198800
1199140
1199420
1200160
1200480
1200500
1200870
1201250
1201500
1202070
1203140
1203600
1203660
1204540
1204630
1204710
1204830
1205730
1206720
1207130
1207260
1207710
1207860
1208760
1209440
1209520
1210010
1210110
1210230
1210470
1210570
1210700
1211540
1212100
1212190
1212320
1212640
1212930
1213050
1213600
1214450
1214540
1214600
1214630
1214660
1214680
1215040
1215200
1215300
1215410
1215430
1215720
1216150
1216490
1216880
1216930
1217310
1217330
1217830
1217870
1217880
1218890
1218920
1218930
1219220
1219730
1220460
1220520
1220910
1221280
1222090
1222240
1222570
1223370
1224420
1224650
1224720
1225290
1225810
1226080
1226160
1226270
1226290
1226320
1226330
1226340
1226350
1227140
1228560
1228760
1229250
1229390
1229570
1229580
1230660
1230760
1230840
1231070
1231560
1231860
1231930
1233070
1233460
1233490
1233790
1234160
1234560
1234890
1234940
1235350
1235450
1235480
1236460
1237070
1237270
1237340
1237560
1237890
1238300
1238480
1238630
1238920
1239120
1239440
1240330
1240550
1241020
1241140
1241400
1243700
1243720
1243890
1244520
1244690
1245300
1245500
1245540
1246430
1246620
1247240
1247400
1248370
1248410
1248450
1248550
1248670
1248680
1249260
1249680
1250190
1250240
1250270
1251330
1251950
1252210
1252300
1252800
1253130
1253230
1253290
1254070
1254870
1256370
1256440
1257020
1257270
1257620
1257800
1258000
1258840
1258960
1259080
1259570
1259960
1260300
1260310
1260440
1260610
1260690
1260700
1260860
1261660
1262060
1262080
1262100
1263120
1263810
1264010
1264760
1264820
1264930
1265310
1265790
1265850
1266380
1266610
1266620
1267130
1267170
1267610
1269400
1269850
1269860
1270370
1271070
1271170
1271540
1272460
1272520
1272750
1273930
1274120
1274190
1274230
1274250
1274280
1274330
1274340
1275260
1275410
1277160
1280310
1280550
1280670
1281370
1281420
1281440
1281790
1282640
1282730
1283590
1284430
1285230
1285440
1285490
1285520
1285570
1285670
1285940
1285970
1286140
1286600
1286670
1286740
1286990
1287180
1287310
1287370
1287450
1288810
1288930
1289240
1289690
1289810
1290710
1290770
1290790
1290850
1291220
1291280
1292220
1292360
1293520
1293550
1293900
1294750
1295260
1295290
1296180
1296360
1296410
1296700
1296840
1296880
1298320
1298360
1298410
1298500
1298510
1298520
1298860
1299010
1299570
1299660
1299750
1300320
1300330
1300960
1301370
1302310
1303000
1303120
1303630
1303950
1304100
1304300
1304680
1304770
1305430
1305890
1306960
1307100
1307810
1308150
1308280
1308840
1308890
1309050
1309940
1310230
1310390
1310570
1310610
1312240
1312420
1312470
1312640
1313120
1313550
1314100
1314480
1314640
1314810
1314980
1315630
1316160
1316320
1318790
1319260
1319550
1319560
1319570
1320040
1320130
1320490
1320790
1321640
1321650
1321930
1322140
1322200
1322400
1322650
1322760
1322880
1323010
1323160
1323330
1323480
1323500
1323590
1323660
1323680
1323850
1323870
1324040
1324230
1324260
1324310
1324710
1325020
1325040
1325920
1326180
1326250
1326430
1326520
1326560
1326660
1326690
1326790
1327870
1327900
1328130
1328320
1328430
1328600
1329360
1330120
1330300
1331070
1331200
1332450
1332940
1333050
1333280
1333880
1334330
1334990
1335430
1336100
1336210
1336340
1337030
1337040
1337520
1337640
1337650
1337700
1338020
1338180
1338390
1338880
1338940
1339080
1339240
1339470
1339640
1339810
1340480
1340820
1341220
1341440
1341500
1341620
1341640
1341960
1343260
1344240
1345190
1345360
1345460
1345860
1346260
1346720
1346870
1347390
1347910
1348770
1348960
1349540
1349930
1349940
1350130
1350640
1352380
1352630
1352660
1353050
1354080
1354750
1355200
1356300
1356480
1356590
1356890
1357080
1357090
1357700
1358000
1358610
1360150
1360660
1360920
1361020
1361840
1361940
1362430
1362580
1362670
1363680
1363730
1364580
1364750
1365010
1366120
1366280
1366360
1366620
1366770
1366940
1367350
1367520
1367770
1367870
1368240
1368410
1369340
1369800
1369940
1370250
1370640
1370720
1371150
1371470
1371600
1371800
1372210
1372380
1372760
1372770
1372910
1373080
1373300
1373330
1373680
1373920
1374050
1374280
1374840
1375480
1375780
1375920
1376340
1376820
1376830
1376910
1377930
1378100
1378330
1378820
1378960
1379380
1379470
1379510
1379870
1380200
1380210
1380280
1380390
1380490
1380920
1381030
1381150
1381160
1382290
1382300
1382320
1383170
1383270
1384350
1384460
1384540
1385920
1386010
1386700
1387620
1387870
1388230
1388800
1389010
1389830
1389890
1390010
1390190
1390290
1390350
1391460
1391550
1391610
1392000
1392080
1392670
1393610
1393620
1393730
1393810
1393850
1394090
1394720
1395190
1395400
1395450
1396450
1396580
1396950
1397100
1397760
1397780
1397790
1397850
1398390
1398470
1399030
1399050
1399300
1399740
1400350
1400360
1400370
1400420
1400920
1401730
1401850
1402070
1402180
1402730
1402790
1403030
1403130
1403190
1403290
1403500
1403550
1403930
1404050
1404140
1404790
1404880
1405230
1405360
1405720
1405780
1406000
1406490
1407000
1408350
1408410
1408450
1408570
1408740
1408760
1409200
1409530
1410300
1410440
1410450
1410630
1411370
1411710
1411870
1411910
1412440
1412540
1413010
1413060
1413360
1413440
1413630
1413780
1413810
1414020
1414070
1414820
1415040
1415500
1415620
1415840
1416710
1416770
1417440
1417690
1417720
1417920
1418370
1419130
1419140
1420140
1420330
1420730
1420860
1421750
1422200
1424690
1425020
1425180
1425510
1427480
1428360
1428380
1428430
1428520
1428580
1428710
1428770
1428830
1428910
1429250
1429300
1429940
1430430
1431380
1431750
1432550
1432690
1432970
1433210
1433220
1433310
1433380
1433490
1433550
1433870
1434200
1434270
1434300
1434360
1434420
1434620
1434650
1434680
1434940
1435190
1435310
1435400
1435410
1435440
1435720
1436040
1436130
1436430
1437340
1437500
1437590
1438100
1438430
1438490
1438560
1438830
1439250
1439320
1439400
1439460
1439550
1439560
1439820
1439830
1440120
1440330
1440650
1440780
1440840
1440890
1441140
1441420
1441770
1442770
1442830
1442840
1444090
1444520
1444740
1444770
1445050
1445400
1446000
1446480
1446960
1447410
1447560
1447660
1448030
1448940
1448990
1449760
1450000
1450070
1450270
1450660
1451030
1452790
1453450
1453670
1454240
1454320
1454410
1455010
1455020
1455590
1455720
1455880
1456060
1456240
1456340
1456880
1456920
1457020
1457070
1457480
1457970
1457980
1458210
1458290
1459010
1459300
1459530
1459540
1459560
1459720
1459870
1460250
1460590
1461000
1461490
1461630
1462030
1462420
1462620
1462900
1463210
1463530
1463820
1464390
1464550
1465060
1465330
1465580
1465590
1466400
1466530
1467320
1468260
1468610
1468770
1469260
1469860
1470430
1470660
1470680
1470700
1471080
1471240
1471460
1471490
1471900
1472600
1472790
1473550
1473760
1473990
1474200
1474300
1474950
1475770
1475820
1476800
1477000
1477890
1479470
1480020
1480830
1480910
1480970
1481020
1481670
1481970
1482400
1482730
1482740
1483040
1483060
1484720
1486190
1486220
1486340
1486440
1486790
1486860
1487940
1488670
1488740
1489110
1489260
1489480
1489590
1489610
1490220
1490590
1490660
1490880
1490910
1491040
1491220
1491290
1491580
1492270
1492590
1492810
1493310
1493400
1493490
1493700
1493950
1494780
1495240
1495420
1495460
1495550
1495640
1495920
1496880
1498060
1498180
1498940
1499240
1499960
1500180
1500300
1500480
1501100
1501970
1501980
1502360
1502790
1502920
1503530
1504310
1504320
1504340
1505230
1505860
1506770
1506820
1507850
1507990
1508170
1508220
1508250
1508460
1508860
1508890
1509030
1509210
1509370
1509720
1510620
1510630
1511230
1512790
1513090
1513260
1513280
1513530
1513630
1513650
1513910
1514290
1514300
1514620
1514670
1514730
1515040
1515330
1515490
1515730
1516050
1516250
1516380
1516450
1517180
1518690
1519390
1519460
1519820
1519840
1519910
1520260
1520610
1520910
1522080
1522280
1522490
1522690
1522810
1522850
1522890
1523350
1523750
1524040
1524340
1524790
1526310
1526750
1527300
1527460
1527670
1527880
1528260
1528370
1528470
1528500
1528660
1528980
1529160
1529500
1529790
1529940
1530260
1531850
1532780
1532800
1532810
1533760
1534200
1534260
1534480
1534860
1535190
1536390
1536800
1536960
1537080
1537850
1537970
1538690
1538810
1539140
1539510
1539590
1539970
1540960
1541000
1541130
1541250
1541430
1541440
1541450
1541520
1542000
1542340
1542760
1543140
1544000
1544120
1545780
1546710
1546760
1546790
1546940
1547250
1547260
1547270
1547820
1547900
1548060
1549140
1550100
1551110
1551230
1552830
1553200
1554140
1555160
1555210
1555270
1555350
1555540
1555770
1557240
1557410
1557540
1557550
1558650
1559060
1559460
1559700
1559770
1560750
1560760
1560960
1561340
1561380
1561530
1561670
1561870
1561880
1561990
1562070
1562230
1562400
1562660
1562780
1562980
1563090
1563210
1563630
1563720
1564300
1564470
1564790
1564830
1565940
1565970
1566050
1566600
1566920
1567060
1567270
1567310
1567460
1567490
1568030
1568140
1568270
1568280
1568290
1568320
1568950
1569260
1569270
1569470
1570500
1570680
1570690
1571140
1571540
1571880
1572230
1574200
1574270
1575240
1575310
1575690
1577190
1577260
1577290
1577300
1577310
1577900
1577910
1578500
1578510
1578550
1580180
1580330
1580420
1581380
1581660
1581880
1582740
1582790
1583040
1583300
1583520
1583530
1583870
1584950
1585160
1585710
1586540
1586880
1586930
1587990
1588050
1588060
1588070
1588100
1588110
1588230
1588880
1589040
1589340
1589360
1589450
1589690
1589710
1590130
1590330
1590340
1590920
1591120
1591570
1592530
1592540
1592600
1592610
1592930
1593170
1594060
1595300
1595630
1595640
1595950
1596320
1597720
1597730
1598030
1598350
1598410
1598710
1598800
1598910
1599120
1599230
1599280
1599430
1599530
1600330
1600350
1600620
1600700
1600760
1601000
1602330
1602700
1602780
1602900
1603180
1603410
1603800
1604100
1604110
1604300
1604320
1604390
1605310
1605650
1606460
1607500
1608210
1608640
1609450
1609760
1609800
1610280
1610560
1611320
1612110
1612120
1612350
1612570
1612850
1613150
1613490
1613670
1613850
1614030
1615370
1615490
1616300
1616870
1617780
1618330
1618580
1618740
1619930
1620520
1620590
1620850
1620890
1620970
1621950
1622090
1622720
1625790
1625830
1626110
1626180
1627160
1627760
1627890
1628320
1629190
1629830
1631410
1631420
1631500
1631690
1631700
1631710
1631780
1631960
1631980
1632000
1632040
1632120
1632170
1632830
1633100
1633210
1634290
1635650
1636690
1636990
1637490
1637910
1638070
1638690
1639040
1639390
1639470
1639520
1640050
1640450
1641000
1641330
1641790
1641820
1641860
1642070
1642110
1642250
1643340
1643580
1644170
1644570
1644580
1644630
1644640
1644680
1644690
1645070
1645570
1645680
1645860
1645940
1646280
1646480
1646530
1647070
1647980
1648030
1649420
1649430
1649800
1649820
1650790
1650890
1651020
1651610
1651680
1651760
1652170
1652300
1652330
1652410
1652520
1653920
1654830
1654890
1655530
1655710
1655720
1656780
1656880
1656890
1657130
1657280
1657960
1658230
1658250
1658350
1658360
1658620
1658660
1659270
1659470
1659480
1659710
1659720
1660040
1660820
1660960
1661300
1661380
1661390
1661440
1661840
1661880
1661940
1662350
1662800
1662920
1662950
1663380
1663890
1664090
1664130
1664740
1665590
1666120
1666350
1666430
1666570
1666670
1666820
1666930
1667090
1667210
1667290
1668190
1668290
1668970
1669050
1669060
1669120
1669360
1669420
1669640
1669730
1671210
1671390
1671440
1671720
1672110
1672230
1673530
1673550
1673580
1673600
1674030
1675600
1676090
1676320
1676920
1677380
1677500
1677570
1678490
1678760
1678860
1679380
1680250
1680430
1681080
1681400
1681560
1681620
1682300
1682330
1682880
1682890
1683010
1683330
1683580
1683720
1684080
1684900
1684910
1684920
1685020
1685030
1685840
1685940
1686050
1686060
1686370
1686530
1686540
1686620
1686900
1687000
1687040
1687060
1687280
1687340
1687580
1687590
1688310
1688730
1689220
1689270
1689360
1689530
1689550
1689730
1689880
1689980
1690650
1690860
1690940
1691290
1691530
1691590
1691700
1692060
1692480
1692510
1692590
1692620
1693360
1693960
1694590
1694610
1696200
1696210
1697050
1697590
1697610
1697900
1698350
1698440
1698660
1698850
1699040
1699820
1699920
1700600
1701910
1703230
1703470
1703480
1703620
1704760
1704780
1705540
1705920
1706060
1706130
1706550
1706610
1707080
1707470
1708410
1708420
1708580
1708590
1708640
1708990
1709030
1709040
1709090
1709860
1709960
1710220
1710340
1710400
1710490
1710880
1710930
1711160
1711790
1712110
1712520
1712710
1712760
1712890
1713050
1713340
1713880
1713910
1714020
1714590
1714680
1715030
1715530
1715770
1716430
1716470
1716590
1716650
1716680
1716720
1716790
1717120
1717190
1717660
1717820
1719070
1719210
1719540
1719680
1720770
1721020
1721070
1721100
1721130
1721170
1721940
1722220
1722340
1722410
1722560
1722750
1722800
1723700
1724120
1724420
1724780
1725990
1726090
1727140
1727250
1727260
1727360
1727450
1727490
1727660
1728010
1728020
1728050
1728070
1728080
1728100
1728110
1728120
1728290
1728760
1728770
1729090
1729100
1729150
1729160
1729580
1729710
1730030
1730110
1730200
1731040
1731490
1731860
1732400
1732900
1733400
1733780
1734250
1734280
1734500
1734660
1734750
1735850
1736430
1736490
1736710
1736930
1737200
1738780
1739050
1739060
1739130
1739480
1739620
1740010
1740070
1740090
1740230
1740310
1740420
1740470
1742290
1742510
1742750
1743320
1743330
1744300
1744400
1745050
1745090
1745370
1745490
1745520
1745530
1746280
1746300
1746370
1746590
1746600
1746970
1748070
1748330
1748400
1749180
1749610
1750220
1750540
1751110
1751190
1751660
1751700
1751780
1752480
1752770
1753130
1753440
1754300
1754330
1754380
1754490
1755260
1755610
1755620
1756350
1756490
1757120
1757260
1757360
1757440
1758020
1758030
1758040
1758070
1758090
1758100
1758110
1758280
1758520
1759070
1759080
1759210
1759220
1759480
1760350
1760670
1760700
1760750
1762560
1763160
1763170
1763330
1763990
1764190
1764310
1764810
1765610
1765680
1765880
1766200
1766650
1766660
1766690
1766700
1766710
1766810
1767510
1768260
1768330
1769200
1769280
1769510
1770360
1770600
1771320
1771560
1771690
1771880
1772410
1772490
1772710
1772830
1773110
1773280
1773490
1774040
1774220
1774550
1775910
1776120
1776300
1776800
1776840
1776930
1777040
1777080
1777100
1777320
1777340
1777380
1778090
1778100
1778110
1778120
1778130
1778170
1778830
1779150
1779460
1779530
1779950
1780120
1780150
1780310
1780340
1780490
1780720
1781230
1781640
1781920
1781960
1782120
1782540
1782740
1785200
1785260
1785470
1785510
1786580
1786780
1786910
1786930
1787170
1787390
1787400
1787470
1787520
1787690
1789160
1789210
1789470
1790250
1790370
1790480
1790700
1790740
1790800
1790860
1791840
1792970
1793170
1793220
1793440
1793900
1793910
1793960
1793970
1794120
1794670
1794700
1795370
1795440
1795470
1795560
1795760
1796050
1796270
1797040
1797490
1797670
1797920
1798290
1798310
1798320
1798420
1798430
1798460
1798690
1798740
1798780
1799500
1800220
1800810
1800900
1801330
1802630
1803120
1803580
1803760
1803810
1803870
1804090
1804300
1804420
1804600
1805220
1805270
1805310
1805670
1805680
1805970
1805980
1805990
1806050
1806240
1806640
1806700
1807000
1807250
1807400
1807730
1808320
1808500
1808930
1809650
1809710
1810270
1810530
1810960
1811910
1812840
1812850
1812960
1812970
1813070
1813100
1813340
1813930
1813940
1813990
1814000
1814010
1814850
1814860
1814890
1815060
1815270
1815580
1815950
1816880
1816910
1817110
1817260
1817480
1819230
1819610
1820100
1820460
1820700
1820740
1820890
1820910
1820930
1821240
1821920
1821950
1822140
1822710
1823730
1823910
1823940
1824130
1824430
1824800
1825250
1825430
1825570
1825920
1826000
1826090
1826790
1827760
1828260
1828270
1828290
1829270
1829310
1829420
1829700
1829810
1830210
1830700
1831140
1831970
1831990
1832260
1832670
1832680
1833300
1833490
1833560
1834470
1834540
1834550
1835070
1835560
1836120
1836180
1836590
1836710
1837530
1837780
1837820
1838790
1838800
1839200
1839530
1839970
1840670
1840710
1841540
1841580
1841590
1841600
1841610
1841680
1841700
1841900
1842270
1842410
1842510
1843960
1844170
1844190
1844320
1844460
1844500
1844510
1845070
1846020
1847030
1847230
1847600
1847780
1848100
1848140
1848150
1848540
1848720
1848990
1849840
1849930
1850230
1850610
1851560
1852010
1852750
1852850
1852890
1853260
1853880
1854100
1854120
1854590
1854940
1855190
1855880
1856020
1857070
1857090
1857570
1857690
1858400
1858750
1858780
1859500
1859610
1859990
1860760
1860930
1861290
1861340
1861940
1862070
1862270
1862530
1862840
1862950
1862980
1862990
1863370
1863470
1863480
1863490
1863720
1864450
1864690
1864800
1864950
1865160
1865340
1865470
1865700
1865750
1866230
1866890
1866990
1867240
1868520
1868780
1870170
1870700
1871610
1871920
1872030
1872100
1872110
1872790
1873410
1873570
1873800
1874200
1874260
1874740
1875470
1876540
1876560
1876670
1877510
1877650
1877930
1879770
1880340
1880840
1881160
1881370
1881550
1881710
1882500
1882520
1882930
1884010
1884490
1884720
1885370
1885390
1885400
1885930
1886320
1886450
1886840
1887200
1887400
1887990
1888000
1888570
1888600
1888640
1888680
1889030
1889070
1889160
1889890
1890550
1890710
1890900
1891200
1891380
1891590
1891730
1891740
1891840
1891900
1891930
1891940
1892420
1892600
1892810
1892890
1893340
1893360
1893620
1893880
1893950
1894230
1894240
1894250
1894310
1894470
1894650
1894760
1895280
1895850
1895870
1895930
1896020
1896730
1896810
1896920
1896930
1897460
1898510
1899100
1899110
1899140
1899780
1899940
1900520
1900820
1900940
1901100
1901170
1901490
1902030
1902810
1903010
1903280
1903480
1903490
1903550
1903690
1903910
1904040
1904270
1904750
1904760
1905350
1906130
1906150
1906160
1906410
1906800
1907380
1907620
1907690
1907840
1907880
1907970
1907980
1907990
1908070
1908180
1908380
1908520
1908570
1908900
1909650
1909770
1909790
1910240
1910430
1910500
1910590
1911450
1912010
1912200
1912550
1912760
1912880
1912990
1913030
1913060
1913360
1913580
1914190
1914200
1914460
1914500
1914860
1915030
1915160
1915420
1916030
1916250
1916350
1916540
1916850
1918300
1918400
1918670
1918790
1918880
1918890
1919220
1919570
1919580
1919630
1919750
1920450
1920940
1921140
1921550
1921840
1921940
1922200
1922210
1922360
1922870
1922880
1923050
1923780
1924780
1924840
1925210
1925440
1925860
1925900
1925930
1926340
1926810
1927380
1927480
1928080
1928090
1928330
1928590
1928810
1929860
1929870
1930310
1931010
1931150
1931640
1932680
1932890
1933700
1934100
1934240
1934870
1935260
1936520
1936670
1936990
1937180
1937340
1937980
1938180
1938370
1938650
1939220
1939420
1940350
1940490
1940780
1940790
1941130
1941370
1941560
1941610
1942300
1942460
1942800
1942850
1943200
1944330
1944570
1944700
1944960
1946170
1947160
1948730
1949280
1949510
1949750
1949780
1950010
1950070
1950080
1950270
1950290
1950930
1951610
1952110
1952400
1952450
1952760
1952830
1952870
1953480
1954130
1954650
1954750
1954860
1955050
1955850
1956540
1956560
1956630
1956930
1957110
1958020
1958040
1958080
1958570
1959060
1960350
1960760
1962710
1962900
1963150
1963770
1963780
1964170
1964330
1964550
1964750
1964810
1965370
1965490
1965610
1965630
1965640
1965680
1966310
1966710
1967330
1968540
1969220
1969420
1969830
1970390
1970520
1970530
1970550
1970700
1970730
1970740
1970750
1970820
1970910
1970970
1971820
1972620
1972790
1972870
1973450
1973480
1973520
1973980
1974320
1975060
1975360
1975430
1975730
1975870
1976520
1976560
1976640
1976730
1977080
1977190
1977730
1978110
1978270
1978310
1978570
1978650
1979250
1979470
1980260
1981130
1983020
1983450
1984000
1984030
1984220
1984390
1984400
1984840
1986760
1986880
1986900
1986980
1987140
1987180
1987430
1987620
1987650
1987690
1987860
1987890
1988530
1988570
1988820
1988880
1989460
1989950
1990710
1990790
1990820
1991690
1992110
1992410
1992520
1992900
1993910
1994270
1994340
1994630
1994850
1995040
1995050
1995070
1995080
1995090
1995100
1995120
1995210
1995220
1995250
1995460
1996000
1996420
1997050
1997760
1998420
1998470
1998710
1998760
1999430
1999480
1999910
1999940
2001380
2001550
2002250
2002490
2003090
2003120
2003200
2003220
2003270
2004670
2005000
2005260
2005370
2005430
2005440
2005760
2006090
2006300
2006360
2007570
2008240
2008600
2008720
2008940
2009420
2009720
2010110
2010200
2010220
2010320
2010390
2010400
2010410
2010520
2010720
2011010
2011130
2011160
2011390
2011550
2012340
2012600
2013060
2013330
2013660
2013770
2013800
2013880
2013900
2013990
2014330
2014510
2014950
2015110
2015120
2015170
2015200
2015460
2016140
2016230
2016340
2016470
2016580
2016600
2016610
2016620
2016690
2017020
2017100
2017450
2017540
2018220
2018240
2018260
2018270
2018280
2018390
2018610
2018680
2018810
2018920
2019300
2019350
2019540
2019630
2020300
2020570
2020720
2021020
2022320
2024000
2025340
2025840
2026150
2026340
2026480
2026510
2026620
2026660
2026740
2027000
2027040
2027300
2027340
2027350
2027370
2027410
204300
2050070
2050450
2050490
2051260
2051440
2051590
2052680
2053080
2053200
2053730
2054380
2054680
2054750
2055270
2055370
2055390
2055500
2056380
2056390
2056400
2056410
2056530
2056550
2057300
2057480
2058080
2058130
2058170
2058200
2059650
2060470
2061140
2061600
2061750
2062190
2062920
2063230
2063550
2064080
2064110
2064120
2064230
2065840
2066180
2066490
2067170
2067280
2067330
2067430
2068030
2068660
2069020
2069090
2069110
2069240
2069410
2069420
2069440
2069580
2070040
2070560
2071360
2071550
2071770
2072020
2072080
2072090
2072210
2072690
2072840
2073450
2074260
2074460
2074560
2074710
2074820
2075370
2075390
2076820
2077060
2077430
2077500
2077600
2078510
2078710
2078970
2079480
2079590
2079840
2080480
2080560
2080570
2080580
2080750
2080960
2081820
2081830
2081850
2081930
2082750
2082810
2082830
2083560
2083860
2084130
2084300
2085290
2085720
2086180
2087020
2087470
2087480
2087610
2088660
2088840
2088970
2089380
2089670
2090410
2090640
2091230
2091240
2091260
2091270
2091280
2091290
2091410
209190
2092180
2092320
2092360
2092520
2092560
2092580
2092620
2092730
2093120
2093940
2093950
2094160
2095740
2095800
2096560
2097230
2098340
2098960
2099120
2099220
2099390
2099440
2100230
2100490
2100560
2100810
2101600
2102500
2102740
2103600
2104110
2104270
2104310
2104470
2104640
2105520
2106340
2106590
2107270
2107420
2109340
2110280
2110460
2111390
2111400
2111410
2111420
2111650
2111980
2112000
2112010
2112020
2112210
2112330
2112390
2112550
2113040
2113050
2113160
2113250
2114300
2114890
2115020
211580
2116060
2116850
2117960
2118330
2118580
2119210
2119390
2120240
2120310
2121280
2121310
2121980
2122330
2122560
2122700
2122770
2124460
2124770
2124820
2125270
2125310
2125460
2126620
2126980
2127660
2127770
212800
2128220
2128710
2128830
2128840
2129330
2129850
2130000
2130230
2130750
2130830
2131520
2131950
2132230
2132290
2132510
2132770
2132850
2133200
2133330
2133360
2133380
2133390
2134120
2135750
2135890
2136060
2136220
2136770
2137420
2137770
2138410
2138430
2139180
2139280
2139670
2139840
2139870
2139970
2140320
2140590
2140820
2141780
2141810
2142050
2142790
2143410
2143460
2144080
2144110
2144470
2145040
2145080
2146180
2146600
2146640
2146680
2146720
2146850
2148450
214850
2149870
2150100
2151030
2151460
2151480
2151530
2151920
2152280
2152360
2152740
2152850
2152950
2153300
2154190
2154240
2154480
2154920
2155020
2155190
2155870
215670
2156740
2157060
2157210
2157860
2158540
2158550
2158620
2158690
2158710
2158780
2159230
2159240
2159440
2160950
2161970
2162260
2163030
2163290
2163930
2164790
2165080
2165420
2165660
2165720
2165740
2166050
2166190
2166250
2166340
2166440
2167840
2167900
2168040
2168080
2168140
2168650
2169040
2169300
2169460
2169610
2169660
2169760
2169910
2170110
2170320
2170510
2170760
2171680
2172020
2172670
2173850
2173870
2173880
2173890
2174480
2174680
2174700
2175110
2176020
2178130
2178560
2179450
2179860
2180000
2180040
2180700
2180830
2181610
2181770
2181800
2182190
2182240
2182260
2182330
2182920
2182950
2182960
2184130
2184160
2185190
2185730
2185980
2186890
2186940
2187250
2187270
2188600
2189350
2189490
2189720
2189910
2189920
2190150
2190520
2190570
2190840
2191420
219150
2191680
2192010
2192220
2192400
2193170
2193490
2194150
2194820
2194980
2195630
2195680
2196210
2197020
2198420
2198940
2199430
2199870
2200620
2200800
2201110
2201500
2201660
2202710
2202890
2202900
2203610
2203620
2203630
2203640
2203650
2203660
2203680
2203700
2204170
2204860
2205800
2206230
2206450
2206460
2206480
2206570
2206580
2206680
2206690
2206700
2206720
2206800
2206930
2207040
2207050
2207060
2207070
2207080
2207100
2207110
2207120
2207460
2207670
2207690
2207700
2207710
2208130
2208890
2209090
2209960
2210310
2211110
2211520
2211890
2212310
2212440
2212500
2212570
2212740
2213130
2213730
2213990
2214730
2214740
2214750
2214760
2215020
2215280
2215590
2215830
2216060
2216490
2216680
2216820
2219180
2219190
2219520
2220350
2220580
2221160
2222160
2223820
2224160
2224780
2225320
2225560
2226160
2226780
2226910
2226960
2230890
2230900
2230910
2230920
2231450
2231490
2231850
2232070
2232130
2232400
2232770
2232950
2233200
2233320
2235000
2236320
2236330
2236350
2236360
2236370
2236380
2236390
2237400
2237410
2239450
2239470
2239800
2239860
2240430
2240520
2240790
2241780
2242400
2243080
2243130
2243230
2243530
2244030
2244270
2244640
2245300
2245840
2246290
2246530
2246820
2247570
2248260
2248430
2248490
2248570
2248630
2249280
2249880
2250060
2250170
2250250
2250340
2250380
2251230
2251250
2251620
2251910
2254540
2255150
2255310
2255350
2256220
2256900
2256950
2256960
2257020
2257030
2257050
2257060
2257110
2257510
2258320
2259760
2260080
2260090
2260560
2261600
2262180
2262390
2262610
2262660
2263220
2263260
2263560
2263570
2264550
2264580
2264700
2264770
2265240
2265320
2265400
2265410
2266500
2266680
2267240
2267770
2267990
2268370
2268720
2268960
2269280
2269310
2270300
2271070
2271380
2271810
2272640
2272970
2273130
2274160
2274700
2274960
2275610
2276490
2276940
2277910
2277920
2278480
2278790
2278960
2278970
2278980
2278990
2279000
2279010
2279960
2280440
2280510
2280650
2281770
2282220
2282300
2282600
2284180
2284310
2284460
2285410
2285820
2289520
2289670
2290270
2290600
2291080
2293040
2293270
2293530
2293850
2294180
2294440
2294640
2294950
2295300
2295610
2296060
2298190
2298290
2298380
2298620
2299510
2299600
2300390
2300690
2301680
2303500
2303560
2303570
2303730
2303790
2304210
2305620
2305740
2306400
2306530
2307860
2308000
2308050
2308550
2308900
2309390
2310180
2310650
2311010
2311030
2311070
2311210
2311250
2312380
2312670
2313030
2313770
2313780
2313950
2313960
2314020
2314090
2314270
2314530
2314910
2315570
2315580
2316210
2316590
2317140
2317330
2318550
2318730
2318810
2319300
2319580
2319710
2320070
2320400
2320720
2321280
2322060
2322290
2322400
2322450
2323010
2323840
2324610
2324900
2324980
2325900
2325960
2326190
2326350
2327160
2327190
2327200
2327240
2327330
2327640
2327670
2327900
2327910
2327920
2328040
2328160
2328410
2328960
2328990
2329220
2329300
2330780
2330950
2331710
2332240
2332960
2333150
2333420
2333530
2334670
2335140
2335330
2335500
2335650
2336230
2336610
2336950
2337280
2338090
2338900
2339050
2339260
2339490
2339540
2340660
2340790
2340800
2342690
2342710
2344590
2344980
2345060
2345440
2345750
2346140
2346930
2347860
2348280
2348540
2350620
235070
2351400
2352320
2352510
2352640
2353100
2354040
2354060
2354200
2354690
2354900
2354920
2355250
2355340
2355410
2355800
2355900
2356870
2357550
2357760
2357790
2358200
2358610
2358850
2358900
2358930
2359270
2359310
2359840
2359910
2360290
2361080
2361940
2362500
2362900
2363150
2363440
2363760
2365030
2365080
2365440
2365620
2366440
2366800
2366890
2367360
236810
2368110
2368510
2369240
2370230
2370730
2370770
2371270
2371280
2371560
2371750
2372270
2372570
2373280
2373950
2374220
2375840
2376430
2376780
2377340
2377530
2378760
2379310
2380270
2380500
2381060
2381810
2382010
2382020
2382050
2383180
2383660
2383770
2383790
2384000
2384020
2384190
2384310
2384340
2385280
2385290
2385600
2385670
2387010
2387020
2387030
2387600
2387630
2388170
2388510
2388600
2389180
2389260
2389630
2389840
2390310
2390510
2390590
2390600
2390870
239090
2391200
2391440
2391470
2391560
2391870
2393050
2393580
2393670
2393910
2394650
2394680
2394970
2396110
2396120
2396680
2397010
2397020
2397030
2397040
2397260
2397640
2397660
2397760
2397800
2398140
2398440
2398830
2399080
2399370
2402710
2402900
2403660
2404010
2404130
2404760
2405000
2405690
2405720
2405990
2406030
2406520
2406740
2407080
2407300
2408350
2408870
2409410
2409810
2409860
2410390
2410400
2411240
2411410
2411500
2412470
2413640
2414240
2414740
2414890
2414900
2415150
2415610
2415660
2415690
2416050
2416590
2417060
2417680
2418720
2419260
2420150
2420300
2420510
2420720
2420860
2420880
2421210
2421880
2421910
2422180
2422990
2423210
2423590
2423710
2423780
2423950
2423960
2424760
2424970
2425160
2425540
2425580
2425590
2425670
2426330
2426640
242680
2427280
2427570
2427760
2428620
2429160
2429200
2429520
2430660
2430740
2431040
2431080
2431130
2431250
2431410
2431540
2431940
2432660
2434710
2434760
2435590
2435620
2435690
2435910
2435990
2436470
2437560
2438330
2439000
2439010
2439350
2440550
2440670
2440880
2441080
2441580
2442060
2442070
2443370
2443410
2443460
2443780
2444250
2444460
2445160
2445520
2445910
2446460
2446600
2446700
2447520
2448300
2448430
2448450
2448620
2448850
2448930
2449040
2449630
2449930
2451720
2451930
2452800
2454290
2454350
2454390
2455480
2455680
2456100
2457870
2458120
2458540
2458690
2458740
2459120
2459150
2459310
2459630
2459640
2459830
2460260
2461660
2461940
2462330
2462390
2462430
2462610
246360
2464190
2464570
2464730
2464880
2464950
2465040
2465130
2465260
2465300
2465780
2466130
2466160
2466180
2466560
2466660
2466740
2466750
2466970
2467000
2467150
2467530
2467650
2467960
2468150
2468640
2468970
2469030
2469040
2469120
2469130
2469790
2469870
2469900
2470000
247020
2470400
2470580
2470650
2470730
2471340
2471760
2471950
2472170
2472620
2472920
2473110
2473580
2474020
2474180
2474390
2474430
2474690
2475540
2475680
2477930
2478860
2479260
2479730
2480150
2480180
2480610
2480770
2480970
2482040
2482550
2484450
2484490
2484530
2485280
2486670
2487680
2487910
2487940
248820
2488390
2488540
2489060
2489110
2491790
2493470
2493510
2493920
2494260
2494640
2494830
2494940
2495000
2495310
2495370
2495800
2495820
2496290
2496470
2496640
2497650
2497870
2497890
2498160
2498760
2498900
2499330
2499570
2500210
2501920
2503240
2503350
2503670
2505350
2507000
2508410
2508680
2509670
2510680
2511000
2511210
2511900
2512430
2512450
2512460
2513180
2513220
2513650
2513810
2514810
2519340
2519730
2520060
252030
2520360
2520560
2520670
2521970
2522190
2523640
2525190
2525560
2525610
2526080
2526480
2527600
2528070
2528370
2529230
2529880
2530070
2531230
2532500
2534410
2534880
2535380
2535670
2535750
2536650
2537860
2538780
2538980
2539070
2539100
2540460
2542430
2542450
2542750
2544120
2544300
2548660
2550360
2551440
2551880
2553180
2553360
2553490
2554710
2554750
2554910
2555080
2555170
2555260
2555390
2555430
2555440
2555460
2555830
2556590
2557660
2557750
2558050
2558080
2558130
2558170
2558240
2558860
2558870
2559220
2559950
2559980
2560230
2560490
2561770
2562020
2562120
2562580
2562930
2563680
2564490
2564860
2566020
2566090
2567670
2567730
2568020
2568050
2569330
2569680
2570040
2571160
2571540
2573400
2573470
2574000
2574280
2574420
2574430
2575390
2575410
2575670
2575940
2576160
2576500
2577560
2578100
257850
2579080
2580300
2580320
2581150
2583970
2584250
2584410
2585260
2586000
2587350
2587370
2588200
2588280
2588500
2588560
2591250
2594020
2594280
2594470
2594770
2594910
259530
2595560
2595870
2596470
2597190
2597280
2597400
2597470
2597560
2598080
2598330
2598750
2599060
2599070
2599140
2599760
2599780
2601060
2601100
2601210
2601220
2601560
2601970
2601980
2602230
2602450
2603530
2604720
2604880
2605040
2605910
2605950
2606150
2606350
2606550
2606870
2607800
2607810
2607820
2607830
2607840
2607850
2607970
2608000
2608120
2609750
2610040
2610280
2610430
2610500
2610870
2610890
2611800
2613420
2614200
2614510
2614570
2614600
2614770
2616490
2616840
2616890
2617090
2617700
2618090
2618150
2618590
2619040
2619240
2619650
2619700
2620000
2621800
2621940
2622300
2624070
2624310
2624360
2624390
2625170
2625300
2625970
2626380
2627500
2627650
2627670
2628010
2628980
2629290
2629660
2630120
2630380
2630540
2630550
2630580
2630730
2631060
2631550
2632750
2633460
2634830
2635070
2635380
2635510
2635680
2635700
2635720
2635730
2635740
2635750
2636230
2636260
2636330
2637210
2638680
2639020
2640190
2641070
2641230
2641410
2641490
2641680
2642320
2642920
2643700
2643780
2644330
2644490
2646570
264690
2647710
2647930
2648060
2648530
2648560
2649490
2649980
2650590
2650680
2651680
2651760
2652970
2653690
2654860
2655470
2658320
2658710
2661040
2662590
2662620
2662810
2663200
2663480
2663770
2663800
2663840
2664630
2666610
2668580
2668870
2670400
2671230
2671500
2672040
2672070
2672880
2673240
2674880
2674890
2675860
2676220
2676980
2677680
2677970
2678130
2678280
2678480
2678950
2678980
2679140
2679210
2679620
2681110
2681340
2682510
2683730
2683820
2684010
2684200
2684290
2684560
2687510
2687840
2688110
2690140
2690680
2691280
2691900
269210
269270
2692980
2693070
2693240
2693330
2693740
2693960
2694370
2694990
2695670
2696760
2697420
2701190
2701240
2701450
2702980
2703460
2703970
2704240
2704290
2706380
2706440
2706940
2707100
2707110
2707190
2708940
2711120
2712370
2713110
2713860
2713870
2713890
2713910
2713970
2714280
2714980
271670
2717980
2719610
2720530
2721890
2722370
2722680
2723610
2724020
2724160
2724180
2724470
2724970
2725350
2725770
2725830
2726230
2726360
2727550
2730220
2730640
2730800
2731070
2731080
2731360
2731530
2731920
2732210
2732950
2733080
2733490
2733850
2734460
2734500
2734920
2736540
2737760
2738130
2738180
2738190
2738210
2738790
2738940
2741670
274230
274290
2743870
2744510
2745570
2745680
2745820
2745830
2746200
2746260
2746270
2746460
2746630
2746780
2748120
2748130
2748150
2749610
2750710
2750920
2751060
2753870
2753900
2754530
2754650
2756920
2757010
2757230
2757630
2757860
2758760
2758780
2758800
2758820
2758830
2758840
2758850
2759090
2759230
2760200
2760790
2761180
2761330
2761500
2762000
2762060
2762250
2762750
2763810
2764070
2764690
2764700
2764860
2765140
2766310
2766510
2766550
2766770
2767730
2767850
2768140
2768240
2768440
2769650
2770480
2771390
2771400
2771410
2771420
2771430
2771440
2771450
2771460
2771470
2772080
2772900
2773070
2773110
2773360
2773540
2773910
2774200
2774280
2775280
2775440
2777250
2778130
2778250
2778810
2778960
2779190
2779750
2779760
2779770
2779780
2779990
2780710
2781720
2781970
2782980
2784110
2784710
2785130
2785230
2785730
278640
2787900
2788000
2788360
2788450
2788630
2789410
2790500
2790510
279160
2792330
2792370
2792400
2792710
2792860
2793280
2794300
2794680
2795100
2795150
2795560
2796510
2796700
2797280
2797640
2797890
2798280
2798290
2798300
2798690
2798700
2799010
2799090
2799110
2799360
2799370
2799460
2799710
2800500
2801130
2802200
2802640
2803660
2804100
2804690
2804730
2804820
2805570
2805610
2807490
2807780
2807950
2807960
2808330
2808770
2808780
2808790
2808820
2808860
2809290
2810110
2810120
2810680
2811380
2811860
2811880
2812200
2813340
2813560
2814270
2815610
2816760
2817550
2818130
2818300
2818560
2818960
2818970
281900
2819150
2819830
2820580
2820960
2821070
2821800
2823190
2823210
2823740
2823950
2824000
2824150
2824290
2824680
2824840
2824850
2824860
2824970
2825270
2826180
2826590
2826720
2826810
2827930
2829000
2829240
2830100
2830150
2830860
2831050
2831590
2831990
2832190
283230
2833950
2834190
2834250
2834600
2835180
2835680
2836070
2836310
2837300
2837330
2837340
2837350
2837360
2837370
2837460
2838160
2839040
2839450
2839930
2839990
2840860
2841610
2842360
2842490
2842520
2842910
2843170
2845860
2845930
2845940
2845990
2846010
2846070
2846690
2847000
2847740
2848390
2848480
2848630
2849010
284950
2849850
285010
2850530
2850540
2850730
2851110
2851210
2851290
2851630
2853590
2855660
2855740
2857400
2859850
2860150
2860450
2860570
2861400
2861950
2862210
2862510
2862850
2862890
2864050
2864880
2865640
2865870
2865900
2865910
2865920
2865930
2866940
2867290
2868950
2869030
2869960
2870070
2870280
2870670
2871020
2871310
2871830
2871900
2872750
2874380
2874590
2875150
2876110
2876910
2877600
2877930
2878670
2878680
2879850
2882280
2882600
288290
2882930
2882940
2883560
2884490
2884810
2885220
2886100
2886110
2886320
2886580
2886830
2886950
2887240
2887340
2888530
2889170
2889520
2890010
2890130
2890510
2890690
2891600
2892040
2892170
2893650
2894280
2894390
2894600
2895110
2895800
2896040
2897730
2897740
2897860
2898110
2898900
2899430
2900760
2900870
2900940
2901660
2902310
2902440
2904360
2904480
2904490
2904800
2905180
2906010
2906120
2906300
2906350
2906590
2906770
2906890
2907240
2907250
2907270
2907730
2908310
2910240
2910330
2911160
2911390
2912180
2912550
2912820
2912910
2913780
2913930
2915320
2915470
2915780
2917270
2917810
2918440
2918570
2919120
2919290
2920330
2923170
2923180
292330
2923640
2924310
2924950
2925240
2925500
2925740
2927360
2928070
2929440
2929760
2929830
2930380
2930570
2931570
2932010
2932110
2934020
2934150
2934800
293680
293760
2939500
2939810
2940210
2940720
2940850
2941680
2941720
2942330
2942740
2943380
2943390
2943480
2944340
2944550
2944590
294460
2944670
2945540
2946040
2946060
2946070
2946150
2946550
2947110
2948010
2948020
2948380
2949110
2949750
2949850
2950040
2951770
2952400
2953640
2953720
2954130
2954840
2956440
2956840
2956850
2956870
2956970
2957350
2958210
2958280
2958670
2958690
2958910
2959480
2959920
2960400
2960480
2960990
2961980
2962290
2963120
2963190
2963310
2964720
2965770
2965880
2966130
2966910
2967190
2967380
2967980
2968050
2968490
2968680
2968690
2968860
2968880
2969070
2972270
297290
2973180
2974110
2975180
2975270
2975320
2976190
2976610
2976880
2977060
2977440
2977550
2977930
2978710
2978760
2979440
2979950
2980370
2980420
2980660
2980900
2981670
2982750
2983210
298360
2983720
2984110
2984270
2984640
2984710
2985400
2985510
2986940
2987610
2987680
2988430
2988550
2988730
2989060
2990050
2991250
2993170
2993370
2994320
2995190
2995750
2995890
2996970
2997310
2997920
2998040
2998330
2999770
2999800
2999810
3000570
3000850
3001040
3002510
3003160
3003740
3004190
3004460
3005100
3005360
3005760
3005850
3006650
3007710
3008230
3008660
3009010
3009050
3009320
3010340
3010450
3010470
3010840
3010880
3011030
3012880
3013130
3014110
3015100
3015110
3015120
3015130
3015140
3015670
3016640
3017080
3017290
301750
3018360
3018590
3018640
3020130
3020240
3020250
3020260
3020270
3020360
3020390
3020470
3020490
3022580
3022870
3022880
3022900
3023270
3023700
3023780
3023940
3024960
3025730
3025740
3025760
3025770
3025800
3025820
3027380
302790
3028280
3028290
3028300
3029240
3030150
3030930
3031720
3031870
3032560
3032580
3032590
3032600
3032610
3032700
3032750
3033110
3034000
3034210
3034440
3035640
3036050
3036080
3036090
3036110
3036150
3037100
3037520
303840
3039270
3039350
3039780
3040170
3040310
3040400
3040670
3040880
3040970
3041220
3041420
3041610
3044960
3046050
3046120
3046370
3046430
3046980
3047510
3047820
3048130
3048340
3048540
3049710
3049730
3049910
3050110
3050690
3051010
3051950
3052140
3052700
3054020
3054060
3054480
3055050
3055200
3055250
3056060
3057760
305780
3057820
3057870
3058000
3058110
3059240
3060260
3062330
3062780
3063920
3064750
3065340
3065800
3066250
3066670
3068440
3068660
3069340
3069360
3069530
3069590
3069810
3071200
3071210
3071300
3071310
3072020
3072760
3073240
3073510
3074260
3075600
3075670
3075890
3076270
3076900
3078330
3078710
3078840
3079870
3080380
3081180
3082650
3083240
3084490
3086860
3086990
3087900
3087910
3088130
3089640
3089670
3090550
3091790
3092090
3092120
3093380
3093720
3093840
3093850
3093960
3094050
3094490
3095030
3095780
3095800
3095900
3095910
3096140
3096620
3097280
3097310
3098830
3099000
3100910
3101540
3101620
3101940
3102770
3102900
3103250
3103590
3103910
3104670
3105000
3105220
3106140
3106900
3107350
3107860
3107940
3107950
3107960
3107970
3108180
3108190
3108290
3108480
3108640
3108660
3109000
3109610
3110580
3110820
3112100
3112620
3112630
3112640
3112650
3112660
3113500
3113510
3113680
3113780
3114550
311480
3117650
3117740
3117780
3118140
3118150
3120370
3120380
3121480
3121540
3121780
3121860
3123170
3125090
3125500
3126620
3127790
3128140
3128280
3129550
3129890
3130020
3130170
3131610
3133140
3133270
3133890
3134750
3135200
3135530
313700
3137040
3138510
3139060
3139540
3140110
3140340
3141340
3141450
3143480
3143760
3144130
3144440
3144490
3144500
3145840
3146270
3146360
3146460
3146630
3147990
3149750
3150530
3150960
3151270
3151470
3151720
3152040
3152150
3152230
3152360
3152430
3152910
3153270
315330
3155610
3155710
3156070
3156120
3157320
3157360
3157740
315840
3158470
3159000
3160240
3161260
3161640
3162340
3162750
3164490
3164880
3165140
3165310
3165420
316810
3168590
3169150
3169340
3169350
316970
3169740
3170310
3170480
3170700
3171080
3171530
317280
3172800
3173300
3173310
3173320
3173380
3173940
3174610
3174720
3175710
3176720
3176910
3176970
3177590
3177610
3177750
3180030
3180690
3180930
3181670
3182570
3183000
3183040
3183490
3184250
318430
3184460
3184630
3185760
3187180
3187550
3188440
3188750
3189500
3191030
3191040
3191110
3192430
3192730
3193410
3194110
3195560
3195700
3196200
3196230
3196240
3197000
3197400
3198510
3198530
3198770
3199440
3200060
3200570
3200980
320160
3202410
3202810
3203440
3204520
3204730
3204940
3205550
3205910
3206090
3207100
3208070
3208160
3208180
3208740
3210150
3210240
3210560
3210900
3210930
3211140
3211910
321330
3213580
3213700
3213800
3215170
3215180
3215300
3215310
321560
3215810
3216090
3216800
3216980
3217070
3217590
3219220
3219350
3219630
3219930
3220110
3221200
3221440
3221930
3221940
3222100
3222120
3222210
3222220
3222230
3222330
3222580
3224330
3224820
3225690
3225720
3225780
3225810
3225990
3226500
322680
3230020
3230110
3231760
3232760
3232830
3233190
3233390
3233520
3234850
3234910
3235330
3235430
3235560
3235600
3236230
3236540
3236580
3236620
3236660
3237040
3238860
3239310
3239780
3241540
3242040
3244390
3244940
3245210
3245460
3246410
3246490
3246760
3247810
3249690
3249740
3250930
3251910
3252420
3253000
3254440
3254810
3255170
3255510
3256030
3256490
3257090
3257230
3257310
3258930
3258970
3259480
3259510
3259680
3262200
3262210
3262240
326260
3262990
3263390
3263720
3263790
3263980
3264680
3264710
3265270
3265430
3265810
3265860
3266040
3266100
3266230
3266440
3266450
3266520
3266590
3266860
3267170
3267610
3268600
3268790
3269480
3270730
3272180
3272360
3272850
3273110
3273140
3273350
3275440
3275620
3276660
3276700
3276900
3277180
3277640
3278110
3278760
3280850
3281050
3281470
3281620
3282040
3282620
3283620
3283640
3284030
3284270
3284720
3284750
3285370
3285940
3286580
3287650
3287780
3288160
3288460
3289000
3289230
328990
3291790
3292870
3293460
3294280
3294470
3294670
3295590
3295770
3301720
3302850
3302950
3303100
3303540
3303610
3304460
3305230
3306960
3307660
3307850
3308340
3309170
3313260
3313310
3313530
3313560
3314910
3315410
3315880
3316540
3316650
3318170
3319280
3319710
3320530
3320820
3321280
3324480
332610
3326440
3326460
3326580
3327370
3327690
3327700
3328240
3328860
3330270
3332530
3334680
3336260
3337160
3337930
3338470
3339830
3341150
3341610
3341620
3341730
3342960
3343510
3343670
3344560
3344770
3346260
334710
334820
3348300
3348540
3348570
3348630
3351100
3352020
3352410
3353240
3353860
3354900
3355690
3355790
3355920
3356890
3359390
3359600
3359990
3360810
336090
3361210
3361700
3362010
3362020
3363980
3364090
3364460
3365000
3366880
3368500
3368690
3368880
3369010
3370930
337350
3373670
337450
3374900
3375500
3375730
3375890
337650
3376980
3377880
3378410
3378610
3378640
3379150
3379580
3382070
3382720
3383190
3383820
338530
3385350
3385450
3385500
3386100
3386230
3387050
3387590
3387740
3387990
3388000
3388020
3390310
3390850
3391060
3394040
3394470
3395210
3395220
3396190
3396220
3399100
3399880
3400960
3401180
3401430
3402560
340340
3403450
3403630
3404510
3404700
3404930
3405610
3406610
3406730
3406850
3407980
3408060
340820
3408310
3409550
3409760
3410190
3411920
3412030
341270
3413420
3413520
3413960
3414050
3416270
3417210
3417770
3419870
3419980
342020
3420660
3421210
342130
3421300
3421730
342300
3423300
3424270
3424280
3424430
3425590
3428330
3428550
3428620
3428800
3428990
3430320
3430340
3430550
3431280
343340
3433730
3433890
3434340
3434850
3435330
3435440
3435750
3435880
3436620
3436750
3437050
3437370
343780
3438000
3439600
3440260
3440650
3440880
3440940
3441030
3441210
3442140
344230
3442400
3442760
3442980
3443160
3445490
3445770
3445970
3446070
3447220
3449740
3450080
3450750
3450850
3451490
3451520
3451530
3451540
3451550
3451570
3451580
3451750
3452320
3454030
3454320
3454330
3454530
3454690
3455060
3456260
3456740
3458150
3458430
345860
3458740
3459240
3459640
3459650
3459780
3459830
3460190
3460570
3460830
3461190
346120
3461200
3461210
3461370
346180
3462930
3463050
3463590
3464230
3464390
346450
346500
3465980
3466360
3466370
3468810
3469990
3470390
3471980
3472010
3472020
3472420
3472970
3473590
3474480
3474790
3475100
3475580
3475630
3475720
3476200
3476600
3476770
3477110
3481920
3481960
348240
3482870
3483020
3483200
3483720
3484180
3484880
3486490
3486520
3487080
3487610
3487920
3489460
3489520
3489750
3490310
3491480
3491920
3492250
3492480
3492980
3493020
3493080
3493090
3493380
3495100
3495160
3495790
3496010
3496980
3497720
3498440
3499230
3499490
349950
3499940
3499950
3500080
3500420
3500580
3502030
3502060
350210
3502250
3503540
3504240
3505630
3505710
3505820
3505830
3505840
3505850
3505880
3505890
3505910
3506210
3506550
350810
3508120
3508680
3508960
3509290
3509780
3509790
351030
3510710
3510770
351160
3511750
3513010
3513070
3513270
3513990
3514110
351450
351470
3516160
3516710
3517100
3517470
3519270
3520050
3520460
3520710
3520980
3523460
3524030
3524760
3524990
3525330
3525840
3526260
3527080
3527780
3528010
3528240
3528410
3529210
3530370
3531630
353300
3534790
3536910
3537090
3539980
3540560
3542250
354240
3542660
3542760
3542910
3543390
3544390
3545000
3545210
3545880
3546240
3546470
3546580
3547500
354970
3550160
3550560
355080
3551320
3552680
3552920
3553630
3553980
3554000
3554050
355410
3554700
3556600
3558220
355920
3560150
3560680
3560900
3561200
3561240
3564270
3566460
356650
3566930
3568030
3569390
3569430
357070
3571920
3574280
3575650
3575980
357650
3580300
3580460
3581220
3581540
3582360
3583740
3584810
3585040
3586470
3588370
3589850
3590790
3590950
3591480
3591660
3592340
3592350
3593130
3593330
359340
3593460
3594940
3595100
359580
3596030
3597200
3597350
3597390
3597490
3597530
3598090
3598210
3598690
3599280
3600760
3604080
360450
3606130
3606450
3606580
360740
3607970
3608520
3609520
3610070
3610910
3611530
3611650
3612520
3613310
3613940
3614230
3614240
3614300
3614630
3615460
3615850
3617790
3617890
3617900
3619730
3620050
362040
362090
3621520
3625550
3626720
362680
3627470
3627760
362810
3628570
3629050
3629490
3631340
3631550
363240
3632730
3633490
3634630
3634890
3635420
3635650
3635950
3636320
3636480
3636960
3637180
3638080
3638180
363900
3639750
3640390
3642210
3642450
3643350
3645260
3645960
3649420
3649830
3649940
3650050
3650670
3650770
3651860
3652330
3652450
365330
365340
3655770
3660270
3661630
3662140
3662150
3663780
366410
3664120
3664910
3664940
3666260
3667080
3667100
366760
3667820
3668160
3668250
3670260
3670630
3672310
3672970
367300
3673660
3675480
3675490
3675820
3676500
3677420
3677660
3677730
367780
3677860
3677970
3678940
3679420
3679490
3680320
3680350
3680930
3681570
3683410
3683960
3685160
3686270
3686970
3687850
3688250
3688560
3688930
368950
3689900
3690980
3690990
3691030
3691730
3691930
3692010
3692220
3693710
3694650
3695320
369560
3695650
369580
3698660
369890
3699860
3703350
3703510
3703930
3704560
3704600
3704620
3705070
3705500
3706040
3708500
3711480
3711950
3713360
3713510
3714960
3715390
3715620
3715670
3715880
3716260
3716310
3716370
3717120
3719440
3720450
3721180
3721190
3721750
3722750
3724260
3725220
3725450
3726700
3727130
3728030
3728040
3728050
3728520
3728690
3729250
3729400
3729610
372970
3729890
3730200
3730600
3730950
3730980
3731100
3732440
3732500
3732890
3733970
3734930
3735100
3735120
3735490
3737400
3737600
3738990
3739910
3740820
3741550
3744080
3744350
3745510
3746190
3746460
3746480
3747020
3747560
3749880
375120
3751340
3751700
375180
3752390
3752430
375250
3752770
3753180
3753850
3754250
3754540
375480
375520
3755600
375580
3756330
3756900
3757400
3757480
3757490
375760
3757910
3758270
3758690
3759040
3759410
3760070
3760710
3761830
3762730
3763320
3763350
3763410
3764350
3764420
3765800
3766640
3766940
3767030
3767060
3768020
3768030
3768060
3768110
3768550
3768980
3769190
3770120
3771060
3771260
3771920
377200
3772470
3772500
3772680
3772690
3772700
3772780
3773060
3773200
3773420
3773640
3773790
3774150
3774640
3775060
3775330
3775450
3775740
3775970
3777010
3777540
3779220
3780800
3781070
3781530
3781720
378260
3782650
3782910
378360
378420
3785250
3785430
3785530
3786930
3787190
3788020
3788640
3789040
3789090
3789110
3790540
3791070
3791250
3791600
3792430
3792710
3794000
3794220
3794360
3796040
3796280
3796320
3796980
3798600
3799880
3799900
3800730
3802180
3803450
3805050
3805420
3806250
3806510
3807920
3810160
381090
3812500
3812620
3812750
3814110
3814420
3815340
3815420
3816370
3817050
3817830
381800
3818830
381900
3819420
382070
3820710
3820860
3821360
3821490
3822050
3822720
3822840
3822870
3823290
3823610
3824600
382490
3825270
3825350
3827510
3828870
3829510
3830100
3830360
383230
3832430
3832570
3834050
3834130
3834300
3834360
3834730
3836760
3839190
383980
3840670
3840940
3841150
3841160
3841240
384150
3841600
3842960
3843010
3843030
3843290
384400
3844190
3844410
3844530
3845980
3848170
384880
3848900
3849270
3849380
3849490
3851550
385230
3852550
3852710
3853660
3854200
3854330
3854520
3854880
3854960
3856180
3856190
385710
3858070
3858310
3858620
3858890
3860230
3861160
3861370
3861600
3862040
3862660
3862670
3862690
3862760
3862920
3862930
3863460
3863830
3864110
386420
3864550
3865500
3865590
3866140
386620
386700
3867510
3867830
3868730
3869460
387060
3871280
3871620
387240
3872980
3874470
3874570
3875120
3875180
3875590
3876070
3876810
3877580
3878240
387840
387870
387880
3879350
3879790
3880620
3880700
388160
3881850
3882480
388360
388440
388550
3887070
3887310
3888980
3890960
3891980
3892540
3892790
3893830
3894880
3894900
3894920
3894980
3895760
3895770
3896550
3897780
3898270
3898680
3900250
3901940
3903890
3905400
390610
390640
3907120
3907500
3907890
390800
390870
3909640
3909690
3910080
3910250
3910460
3910520
3910760
391170
3912150
3912160
391310
3913400
3913510
3914450
3914730
3914980
3915000
3915210
391540
3916920
391730
3917710
3919730
3921030
3921580
3922110
3922120
3922590
3923340
3923720
3923820
3923880
3924950
3925420
3925540
3926430
3927340
3927580
3930280
3930300
3931040
3933710
3933910
3934270
393460
393500
3936060
3938850
393920
3939240
3940450
3941090
3941820
394220
3942780
394390
3944160
3944690
3945800
3946050
3947020
3947030
3947090
3947280
394770
3949070
3949080
3949180
394970
3950050
3951700
3951970
3953250
3953420
395510
3955550
3955610
3956340
3956880
3957090
3957270
3957810
3958040
3958120
3958260
3960220
3960820
3961390
3966510
3967160
3968850
3969680
3971080
3971900
3972200
3972980
3974110
3974570
3975940
397640
3976560
3976670
397690
397700
3977390
3979230
3980980
3981000
398110
3981220
3981230
3981420
398150
398160
3981700
3982420
3982520
3983230
3983770
3983810
3983840
3984110
3984760
3985370
398590
3986220
3986390
3987440
3987820
398940
3989570
399000
3990070
3990090
399140
3993180
3993570
3993890
3996890
3997640
3997720
3998520
3998980
3999250
4000480
4000750
4001130
4001780
4002010
4002550
4002810
4004650
400630
400660
4007420
4008770
4009280
4009430
401360
4014080
4014120
4014680
4015260
4015420
4015830
4016020
4016190
4016800
4016810
4016830
4017590
4018090
4018310
401840
4018490
402000
4020010
402030
4020940
4021430
4021920
4022140
4022340
4022370
4022550
4022650
4023070
4024540
4025420
4025620
4026630
4026740
4026820
4028980
402970
4029890
4033180
4035380
4035730
4036070
4036190
4036280
4036860
4037590
4037830
4038010
4040600
4041300
4041350
4041560
4042210
4042500
4042710
4043270
4044850
4046260
4048440
4048700
4049500
4050600
4050780
4050810
4050900
4050920
4051030
4051420
4051520
4051920
4052250
4052300
4052330
4052540
4052600
4052800
4053190
4054020
4054770
4055230
405540
4055760
4055860
4056730
4058470
4060610
4060910
4061190
4062020
4062300
4063580
4063600
4064240
4065920
4066240
4066460
4066560
4067160
4068210
4069700
4069770
4070020
4070650
4071710
4072540
4072860
4073370
4073390
4073410
4074420
4076240
407630
4076610
4077170
4078200
4078760
4078850
4078920
4079380
4080480
408060
4081630
4082840
4082910
4083550
408400
4084060
4084730
4085590
4085830
4086280
4086510
408750
4087610
4088370
4089100
4089290
4089360
4089690
4091010
409170
4092070
4092480
4093360
409360
409490
4095080
4095110
4095190
409530
4096210
4096450
4096600
4096790
4097240
4099290
410110
4102240
4102700
4104630
4105090
4105240
4105400
4105760
4106400
4106480
410840
4109390
4113620
4114000
4114330
4114930
4115000
4115850
4117370
4117730
4117970
4120100
4120290
4120540
4121030
4121340
412270
4124300
4124610
4124860
4125420
4125870
4126040
4126810
4127630
4127890
4129200
4129300
4129980
4132490
4132780
4133700
4134710
4135370
4136260
4136880
413760
4137650
4138660
4140340
4141430
4142090
414290
4143080
4143230
4143370
4143380
4143390
4143730
4144340
4144800
4145190
4146770
4149260
4149880
4152060
415530
4155520
4155590
4156550
415780
4158820
4159150
4161690
416180
4162480
4162900
4163080
4163770
4164030
416550
4168420
4168980
4169030
4169870
4170020
4170330
4170400
4171070
4173930
4174060
4175670
4175720
4176210
4177740
4178420
4179460
418120
4181300
4184190
4184320
4184590
4184690
4185560
4186360
4186880
4187540
4187760
4188020
4188600
4190890
4191500
4194010
4194220
4194800
4197330
4198140
4198440
4198590
4198650
4198720
4198930
4199350
4199400
4200230
4200590
4200730
4202660
4204120
4204250
4204870
4207520
4207850
4208380
4208500
420900
4209410
4209560
4209630
4210200
4210490
4210630
4210680
4211200
4211760
4212590
4212730
4212950
4213170
4215850
4216180
4216360
4216490
4218560
4219340
4220670
4220800
4221100
4221280
422160
4222570
4222580
422270
4222750
4225310
4226550
4226680
4227520
4227580
422980
4230910
4231020
4231830
4232530
4232800
4234000
4234890
4235720
4236440
4236720
4237170
4237640
4240080
4240480
4240890
4241130
4241750
4241940
424280
4243900
4243910
4244750
4245540
4246610
4246670
4247190
4248000
4248250
4248500
4251270
4252810
4253640
4253920
4254720
425650
4256510
4256650
4261830
4262490
4263050
4264590
4265550
4265560
4266620
4267330
4267400
4267710
4267790
4269710
4269940
4270640
4271150
4271160
4271690
4271920
4272270
4272390
4272400
4272970
4273590
4274490
4274950
4274960
4275130
4275390
4275580
4277530
4278950
4279890
4281300
4281900
4282670
428550
4285650
4286910
4287250
4287620
4287630
4287640
4288350
428940
4289900
429260
4293340
4294140
4294260
4294880
4295610
4295930
429630
429700
429720
4297770
4299390
4300300
4301160
4301190
4301200
4301280
4303100
4303590
430410
4304990
4309130
431000
4310050
4310620
4311590
431220
4314490
4315640
4315670
4316320
4316640
4316720
4316810
431860
4318960
431940
4319670
4319700
4321330
4323900
4324010
4326230
4328340
4329640
4330970
4331800
4332400
4332560
4333100
4333570
4334470
433490
4336050
4336060
4336380
4338170
4340230
4340430
4340880
434140
4341810
434260
434470
4344990
434550
4346420
4346530
4346630
4346810
4346950
4347870
434880
4348980
4349360
434980
4350040
4350970
4352020
4352130
4353310
4353490
4353660
4354190
435460
4355120
4355170
4355840
4356020
4356140
4356850
4357360
4357500
4357640
435790
4359030
4360480
436070
4362540
4362560
4362920
4363170
436350
436360
4363960
4364530
4365360
4365900
4366120
4366750
4367240
4368310
4368840
4369490
4369920
4369930
4371660
437250
4373690
437380
4374550
4374880
4377950
4377970
437880
4379170
438000
4380320
4380620
4380750
4381240
4383460
438440
438480
4387330
4387780
4388040
4389420
4390130
4390950
4393480
4394710
4396380
4396400
4397040
439730
4398610
4399770
4400070
4400120
4402560
4402590
4402810
4404150
4404210
4405320
4407070
4407870
4408040
4409380
4411080
4412030
4412360
4413080
4414450
4414640
4415560
4416680
441670
4416920
4418440
4418640
4419670
4419800
4421410
4422680
4424550
4426430
4427090
4428090
4428760
4429260
4429500
4429810
4430160
4431140
4432410
4435020
443570
4435720
4435760
4436670
4438300
4438660
4439210
4442510
4443700
4444340
444470
444590
4446960
4448100
4448170
4448540
4448640
4448780
444940
444980
4452110
4453240
4453610
4454480
4454500
4454790
445600
4457130
4457720
4458060
445950
4462620
4462860
4463050
4463090
4463190
4464660
4465010
4465210
446760
4474440
4474810
447530
447540
4476370
4476430
4478320
4478770
447990
4480090
4480420
4480440
448130
4481520
4481530
4481610
4483950
4484980
448520
4485240
4485280
448810
449060
4491220
449450
4495510
449560
4498110
4498930
4499800
4500060
450020
450170
4503690
4504640
4507070
4507970
4510070
4510570
4512490
4512710
451570
4516120
4521140
4521330
4525080
4525980
4526740
4526750
4527470
4528610
4528970
4530760
4532710
4534560
4536100
4537230
4537510
453760
4537970
4537990
4538120
453830
4540540
4540890
454130
4541590
4541700
4542970
454380
4546130
4546210
4547190
454900
454950
454980
4550050
4551410
4553870
455690
4558170
4558180
4558910
456020
4560850
456160
456170
4562110
4563220
4564280
4564900
4565280
4567810
4568890
4569220
4569970
4571050
4571590
4572880
457600
4577080
4577440
4577660
4578050
4578390
4580760
4582690
458540
4585680
458660
4587260
4588580
4589540
4590230
4592870
4593340
4594330
4596770
4596860
4596950
4599620
4600160
4603530
4603590
4605210
460540
4605960
460950
4610110
4610600
4611640
4616850
4617530
4618290
461830
4620070
4621390
462200
4622640
4627710
4627910
462830
4628440
4629650
4631200
4631890
463240
4634030
4636010
4637890
4640370
4642390
4642660
4642830
4643000
4643670
4643940
4644110
4644220
4645530
464620
4646630
464960
465020
465130
4653020
4654390
4655310
4656490
4658180
4658890
4660820
4661120
4661160
4662820
4663060
4663810
4665160
4666390
4667220
4667400
4667570
4667590
466770
4667740
4669110
4669210
4670670
4671070
467220
4672410
4673410
4673640
467380
4675270
4675910
4675990
4677040
4677730
4677840
467800
467850
467940
4682290
4683000
4685580
4687080
4689860
4690520
4690800
4691000
4691320
4693230
4693740
4694590
4695790
4696750
4698250
4701440
4702640
4703570
4703610
4708090
4708870
4710820
4710990
4711090
4712890
471380
4713930
471400
4715320
4716650
4717280
4717330
4725080
4728070
472830
472850
4728520
4729290
4731020
4734080
473510
4736350
4738380
4739140
474050
4741830
4747030
4748540
4748650
4749860
4750560
4751820
4752410
4752690
4752990
4753750
4754460
4755610
4756690
4759210
4759390
4760210
4760450
4760540
4762180
4762600
4762930
4764440
4764700
476510
4765470
4765590
4766610
4768380
4769720
4769890
4771170
4771730
4772290
4773890
4775690
4776910
4776920
4779000
4779010
4779070
4779080
477910
4780110
4781030
4781450
478200
4782350
4782690
4783420
4784270
4786730
4787800
4787910
4789470
4791620
4792050
479220
4792360
4792980
4794510
4794980
4796160
4796210
4796900
4797250
4797280
4798940
4799300
4799310
4799450
4799460
4800500
4801470
4802530
4802880
4802920
4803200
4804500
4804530
4805450
4805950
4806530
4806630
4807360
4811900
4813720
4814110
4814740
481870
4818790
4820980
4821340
4821510
4822800
4826380
4826400
4828640
4828790
4829400
4829460
4829500
4830050
4830220
4833080
4835160
4836900
4841180
4841410
4842080
4848110
4849320
4850200
4850410
485160
485220
4852710
4853740
4853820
485430
4854700
485600
4856740
4857190
485860
4858870
485920
4862790
486320
486470
4865310
4865640
4866000
486640
4869820
4870000
487020
4871070
4871250
4877240
4879200
4884780
4885000
4885310
489620
4896500
4900150
490230
4904000
490510
4905200
4905680
4908200
490870
4908840
491010
491040
491260
491350
4913550
4916210
491720
4917460
4919650
492400
4926130
4928410
4931040
4931940
4933970
4935370
4935790
4937420
4938260
4939700
4940910
4945500
4945630
4946680
494720
4950610
4954070
4956100
495760
495820
495880
4959960
496520
496620
4966420
4968340
496990
4969940
4970710
4971290
4971970
4972690
4977410
4978430
4982780
4984830
4986920
498830
4992880
4993200
4993350
5001110
5003480
5003730
500440
500670
5010210
501270
5013790
5016980
5017110
5017660
501830
501930
501940
502130
5021670
5023630
5023960
5025190
502660
502740
502770
502780
5029230
503180
503420
503430
5041340
5042480
5044420
5045480
504880
5050070
5054390
505630
5056450
5058170
5060830
5061520
506700
5070450
507120
5072690
507310
5073750
5076140
5078630
5081310
5082240
5082260
5083580
508530
5086810
508760
5087910
508820
508840
508990
509160
5091960
5093010
5093280
5098550
509930
509940
510050
5101020
5101910
5102410
5105030
511320
511350
5119750
5119850
512000
512020
5120420
5121020
5122050
5123670
5130890
513140
5132350
513250
5132950
5133000
5134220
513530
513610
513770
513840
514220
514360
5145020
5145250
514890
514930
5150740
5152180
5154180
515570
515650
5156740
5156750
516040
516350
5163600
516430
5164310
5165360
5166220
5176200
517680
5177760
518650
5191370
5192600
5192890
5194260
5198640
5202610
5203990
5215280
521570
5217230
522010
522490
522940
522950
5236830
524050
524430
524680
525290
525300
527150
527250
527380
527730
527740
528230
529100
530320
531890
532170
532470
533580
534190
534290
534570
535520
536450
537520
537540
538070
538100
538920
539470
539720
539980
542350
542400
542660
543420
544360
544400
544450
545230
545320
545430
545580
545860
546090
546800
547310
547470
548130
548230
549100
549700
549900
550580
550990
551060
551580
552330
553780
554530
555930
556130
557950
558440
558900
560080
560300
561190
561340
562160
562260
562360
562460
562600
562710
563110
563860
564810
564940
567380
567430
567940
568070
568490
568650
569720
570550
573310
573520
573780
575740
575750
575770
575780
576060
576410
576540
576590
576660
576810
577650
578930
578940
580070
580420
581050
581310
581740
581890
582370
584640
585550
585710
586350
586390
586450
587480
587750
588690
588930
589440
589770
589780
590820
590950
591560
593700
595100
597230
597240
597730
598600
598640
598650
599510
600440
600510
600520
600630
600690
601130
601870
602300
602940
603020
603110
603220
603260
603330
603730
603960
604330
605490
605800
606300
607680
608660
609110
609490
610570
611770
611860
612160
613190
613340
613400
614790
614880
615100
615360
615390
616000
616390
618310
619280
619780
620240
620340
620900
620940
622670
622870
623380
623700
624000
625570
625630
625680
625960
628560
629230
631890
631980
634160
634340
635060
636150
636310
639720
640380
640430
640700
641860
642580
643880
644940
645560
645780
646240
649990
650440
650990
651820
652030
652910
653850
653920
654010
654500
654630
654670
654740
654750
655010
655360
655470
655930
656020
656380
656630
656640
656660
657170
657440
657690
657810
658090
658150
658160
658800
659010
659040
659790
659890
660030
660280
660290
660400
661110
662410
662540
662610
662640
662850
663240
663340
664030
664050
665590
665930
666940
667510
667690
668160
668560
668970
669360
669690
670060
670100
670160
670280
670720
670950
671050
671550
671630
672780
673230
674310
674320
675120
675750
676450
677700
678150
679410
679690
679830
680340
680890
681290
681410
681530
682270
682630
682920
682930
683430
683840
684210
684230
684350
684680
685230
685400
686040
686290
686460
686510
688110
688450
688790
691220
692260
693380
693700
694350
694400
694470
694960
694990
695460
695570
696860
698120
698500
698590
698770
698830
699230
699470
700100
700400
701000
701470
701500
701520
701560
702130
703250
703630
703720
704660
704840
704950
705530
705700
706400
707320
707470
707590
707610
708510
708920
709940
709970
710160
710610
710670
710970
711050
711640
711920
712530
712650
712770
712870
713170
713380
713450
713940
714160
714240
714290
714640
715460
715840
716150
716230
717960
718190
718350
719120
720020
720630
721910
721940
722380
722400
723130
723820
724110
725380
726110
726330
726500
726510
726800
727300
727510
727540
729660
730640
730920
731230
731310
731860
732800
733460
734840
736240
736310
737520
738270
738610
739260
739890
740240
741630
743330
743590
744940
745560
745650
745710
745720
746250
746680
747770
749040
749070
750290
750450
750790
751070
751350
751780
751920
751930
751940
751950
752000
752010
752790
754110
754330
754760
755490
757050
757230
757690
758170
758220
758700
759020
759220
760390
760830
760990
761350
761570
761920
762610
763750
763870
764030
764690
765520
766420
767870
767980
769320
769520
769970
770520
772200
772610
773090
773710
774661
774891
775580
776080
776160
776280
777010
777380
777900
778000
778120
778410
778610
778770
778870
779140
779760
779870
779990
780250
780650
781000
781440
781990
782100
785960
786410
786430
786470
786540
786580
787070
787240
787710
788390
788500
789280
789450
789600
790050
790060
790100
790210
790330
790550
791180
791370
791470
791550
791560
791620
792030
792120
792190
792570
792710
793000
793060
793440
793640
793740
793830
794240
794390
794830
795040
795060
795140
795320
795550
795940
796490
796580
796600
797260
797300
797310
797330
797340
797350
797440
797450
798370
799410
799590
799610
800680
801280
801290
801940
802130
802740
802930
803280
803940
803960
804390
805070
805400
805690
806480
808010
808080
808450
809020
809460
810690
811680
812940
813260
814420
815800
816040
816170
816200
816260
816840
817760
818210
818240
818890
819210
820050
820400
821360
821440
823280
824660
825110
825210
825970
826170
826660
829050
829410
830410
833290
833950
834470
835520
835650
835910
836260
837180
837930
838690
839080
839590
839810
840020
840830
841080
841190
841660
841770
842990
843590
844050
845460
845840
846110
846750
847240
847570
847800
848550
848650
848660
848740
848750
848770
848920
849520
850040
850710
850750
850760
851290
851530
852110
852390
852920
854150
854210
855370
855530
855750
856110
856550
857910
858080
858210
859370
859820
860590
860850
861210
861570
861760
861860
862200
862240
862250
862370
862790
863490
864200
864260
864860
865220
866340
866420
866510
867660
868180
868230
869030
869250
869420
869760
870140
870670
870680
871410
871480
871590
872650
872980
873360
873610
873700
874040
874140
874780
874810
875100
875670
875710
875940
876560
876600
876840
877020
877060
877940
877990
878100
878180
878480
878490
878500
878820
879250
879520
879550
880260
880290
880870
881620
881750
882210
882220
882510
882700
883070
883280
884190
884350
884900
885030
885540
886010
886450
886460
886470
887040
887410
887750
887820
887870
888900
889270
891120
891130
891790
892160
892640
893110
893350
893610
893900
894000
894160
895000
895010
895120
895170
895740
896400
897210
897420
897780
898060
898350
898450
898880
898910
903310
903570
903590
903780
904350
904560
904770
905510
905590
905690
906370
906480
906560
906600
906650
906740
906880
907800
907870
908010
908640
908840
909110
911600
911660
912520
912680
912890
913000
913060
913520
913740
914900
914920
915060
915110
915850
915860
916180
916730
917650
917660
917870
918280
918960
920280
920320
920620
920820
920830
921670
922170
922470
922550
922880
923500
923690
924310
924360
924370
924530
925280
925560
926240
927590
928180
928700
928890
930320
932210
932730
932850
935640
935940
935950
936260
937050
937120
937180
937270
937390
937620
939150
939360
939970
940510
940680
940710
941730
943510
943710
94400
944120
944530
945390
945440
945550
946330
947300
947540
948240
948330
949380
949480
949600
950300
952050
952230
952700
953340
953870
954210
955700
955860
957210
957390
957810
958090
958190
959090
959380
960220
960340
960660
961280
962190
962240
962670
963450
963490
963510
963570
963950
965120
965470
966250
968170
968320
968440
968530
969240
969550
970180
970470
972050
972180
972500
974100
974110
974310
974390
974870
976120
976480
977210
977310
977670
977710
977760
978640
978790
978800
979310
979450
980680
980750
981120
981420
981450
982090
982810
983350
983560
983640
983990
984030
984110
984230
984300
985250
985780
987710
987800
988650
988940
989040
989250
989370
989380
990070
991590
992240
992360
994360
994860
995980
996620
997020
997260
997900
998630
998870
999200
999410
999760
999990
