1002440
1003190
1003860
1005870
1007870
1009020
1009360
1009880
1010690
1011870
1012140
1012450
1026190
1030410
1031790
1035220
1039280
1040310
1041180
1045680
1057150
1058480
1058570
1061360
1061550
1062540
1068800
1071440
1072280
1073770
1076120
1079630
1079790
1081550
1091600
1095400
1102560
1103010
1103100
1104910
1105470
1105870
1109570
1111310
1116690
1125350
1126440
1128160
1132070
1132120
1137270
1140980
1143740
1145340
1148600
1148800
1151990
1164910
1165500
1165860
1169420
1170750
1181050
1181500
1182680
1184080
1186960
1187030
1189230
1191840
1193420
1194480
1195790
1196550
1197130
1202570
1204080
1204220
1205370
1210110
1211150
1211260
1214460
1216230
1218850
1219030
1220800
1221950
1222620
1226610
1227130
1232330
1235580
1236070
1237570
1238990
1243860
1248730
1249150
1249480
1251470
1254200
1254770
1255190
1260130
1261350
1264360
1266390
1269540
1269610
1273620
1274380
1274700
1275070
1277310
1278090
1282610
1283130
1288090
1289480
1290960
1291710
1293260
1296380
1296810
1298600
1299540
1300390
1300910
1301380
1301410
1303760
1310360
1311110
1311140
1314750
1315250
1316060
1321310
1321440
1325870
1327390
1330940
1333820
1334300
1339030
1339650
1342500
1343040
1344800
1345200
1346850
1347880
1349390
1350250
1354830
1358830
1359160
1360130
1360940
1364130
1369320
1370040
1370410
1370710
1370970
1372680
1373170
1373630
1374780
1375000
1376470
1376520
1378870
1380150
1380340
1381360
1383720
1383730
1384480
1384840
1385180
1385200
1386750
1388770
1389030
1392470
1392520
1392650
1395270
1395420
1395910
1396330
1397000
1397710
1398820
1399560
1401200
1401840
1403270
1403670
1404030
1404850
1405480
1406460
1407650
1407870
1408070
1408770
1409180
1411770
1412030
1412500
1413790
1413890
1419090
1419150
1421350
1423310
1423420
1423780
1424380
1429120
1429730
1431150
1432680
1432760
1434880
1435470
1436140
1436490
1436680
1437210
1439770
1439870
1440350
1441670
1443470
1443580
1444080
1444340
1444390
1444480
1445650
1446410
1447160
1447270
1452110
1452210
1452360
1452600
1454550
1457490
1457840
1462830
1463350
1464400
1466140
1466170
1466580
1467390
1470440
1472010
1473030
1473820
1475310
1475720
1476340
1477030
1477440
1478290
1479760
1481660
1482430
1482540
1488110
1489300
1491610
1492610
1497690
1501800
1502740
1504870
1505220
1505270
1507970
1508230
1508440
1508980
1509150
1510800
1512770
1515750
1515920
1516150
1516350
1516530
1517610
1517620
1518680
1519250
1520330
1525110
1525190
1526920
1527090
1527710
1527960
1530980
1531200
1532360
1533540
1534360
1535240
1536690
1536740
1538040
1538480
1539630
1540190
1541500
1541740
1542830
1542930
1543290
1544870
1544880
1545380
1545690
1548940
1549980
1550800
1551660
1552020
1552760
1552790
1554510
1555900
1558130
1558850
1559340
1561390
1563520
1565500
1566090
1566360
1566480
1566530
1566560
1567050
1568240
1568570
1569240
1569520
1570460
1572970
1573390
1573760
1574820
1575510
1576490
1576770
1576970
1577140
1577680
1578720
1579300
1579350
1581100
1581940
1582110
1582640
1582860
1583180
1587080
1588620
1589480
1591410
1593480
1594610
1595090
1595280
1595290
1599110
1599130
1599390
1599540
1599860
1599930
1601520
1603420
1604160
1604700
1605520
1605620
1606730
1608820
1610350
1610530
1610610
1612400
1612500
1612950
1613520
1616580
1618280
1618510
1619820
1620430
1622610
1623640
1624310
1625650
1625760
1626460
1626620
1630290
1632770
1633490
1634130
1635230
1635480
1637140
1637320
1637570
1637620
1637890
1637900
1637950
1638500
1638530
1638930
1641020
1641600
1642600
1645210
1646000
1646090
1646710
1646790
1647810
1650980
1651520
1652590
1653440
1654350
1654580
1654620
1654650
1655890
1656310
1659180
1660050
1661040
1661760
1661920
1662900
1662910
1664290
1664580
1666090
1666490
1666740
1667350
1667400
1667520
1671750
1673830
1673940
1676330
1677360
1677520
1677770
1678010
1678100
1678510
1678610
1678980
1679680
1679880
1683680
1684810
1688270
1692280
1693380
1694380
1695620
1695700
1698000
1698410
1698620
1699500
1699810
1700260
1701400
1702860
1703560
1703650
1704130
1705130
1706150
1706170
1706350
1707220
1707650
1709290
1709900
1710260
1710290
1710990
1712390
1712700
1713600
1713610
1713770
1713810
1714430
1715040
1715320
1716550
1717830
1717900
1718100
1718240
1720550
1720910
1721240
1724410
1724420
1725470
1725640
1726180
1726890
1727750
1728640
1729250
1729900
1730020
1731730
1733040
1733060
1733110
1734230
1736560
1737210
1737420
1737600
1739440
1739450
1739460
1740210
1741300
1741500
1742620
1742930
1744450
1746560
1746660
1748390
1748790
1749490
1750280
1750810
1752010
1752140
1752430
1752590
1754770
1755760
1756440
1756470
1756750
1757570
1757950
1758190
1760640
1762010
1762550
1763060
1763070
1763130
1763390
1765700
1765770
1767280
1767720
1768060
1768110
1768780
1768810
1769160
1769470
1770340
1771200
1772980
1775470
1777030
1777890
1778490
1778510
1778850
1778970
1779200
1779560
1780070
1780380
1780960
1781400
1783490
1783800
1785460
1786010
1786100
1788760
1789670
1790870
1792860
1794550
1797140
1797630
1798170
1799730
1800270
1801630
1802500
1804210
1805720
1806330
1807320
1808500
1808920
1810050
1813350
1813430
1814170
1814540
1814710
1814950
1815350
1816480
1817000
1818600
1819200
1819290
1819520
1819600
1821060
1821270
1821690
1821840
1822640
1823100
1824080
1824830
1827750
1828710
1829250
1829660
1829910
1832150
1832240
1834000
1834120
1835290
1835440
1836850
1837400
1838860
1838870
1841160
1841240
1841510
1841910
1843990
1845050
1845120
1846560
1846740
1847390
1847510
1848350
1848520
1848860
1852300
1852600
1853910
1854190
1855070
1855590
1857240
1858580
1858760
1860260
1860870
1861880
1862100
1862420
1862710
1863080
1864090
1865060
1865190
1865440
1867240
1869200
1869510
1869970
1870450
1871470
1872040
1872250
1873300
1874630
1876850
1877000
1877350
1877600
1877970
1878070
1878190
1878570
1880110
1880250
1881580
1882590
1882760
1883230
1885690
1886210
1886700
1886900
1887010
1888200
1888250
1888480
1888520
1889320
1889460
1890980
1891430
1892210
1892570
1895970
1896630
1897850
1899530
1899810
1900060
1900540
1900570
1900800
1902070
1902230
1902350
1903890
1904070
1905040
1905160
1906010
1906060
1907000
1907430
1907590
1907670
1908870
1909040
1909080
1909450
1909560
1910230
1910890
1912460
1915430
1915780
1915800
1916960
1917460
1917520
1918260
1918320
1918340
1919500
1919900
1920700
1921130
1921430
1922990
1923380
1923440
1923730
1923790
1923840
1924230
1924240
1926820
1927370
1928130
1929230
1929250
1930390
1931400
1932210
1932590
1934350
1937170
1940100
1941420
1941740
1942280
1942430
1942500
1942580
1943020
1943150
1946140
1946490
1946560
1948680
1949330
1949430
1949570
1950240
1950820
1950830
1950920
1951750
1953020
1953670
1954070
1956240
1956270
1956400
1956450
1957430
1957950
1958890
1958900
1960330
1960400
1960890
1960950
1961250
1962020
1962560
1963610
1963670
1964590
1964730
1964820
1965810
1966070
1966940
1967110
1967920
1968310
1968960
1969080
1969850
1972710
1973210
1973410
1973840
1974560
1976370
1976580
1977770
1977790
1978150
1978750
1978810
1979010
1979770
1979980
1980670
1982800
1982890
1983000
1983520
1984150
1984500
1985350
1985360
1986560
1989150
1989560
1991110
1991590
1992480
1993830
1993940
1996450
1997550
1999640
2000080
2001390
2002420
2003150
2003750
2004220
2004900
2005660
2005790
2005870
2006160
2006180
2007000
2007530
2007600
2008990
2009380
2010160
2010450
2010740
2011110
2011190
2011750
2013730
2013810
2014480
2015830
2016120
2017150
2017710
2018690
2019490
2019530
2020370
2021040
2021390
2021450
2021650
2022340
2022940
2023560
2023570
2024900
2025390
2026090
2026190
2027810
2027880
2027900
2027970
2050200
2050210
2051230
2051550
2051810
2051860
2051900
2052660
2053480
2054330
2054520
2055230
2056090
2056180
2056560
2058420
2059600
2062750
2062800
2064160
2065000
2065530
2065770
2065990
2066120
2066680
2067590
2068520
2068820
2068850
2069260
2069400
2069540
2070030
2070390
2070700
2072040
2072520
2073010
2074000
2074140
2074470
2075070
2076810
2076850
2076890
2076960
2077170
2077210
2078440
2079130
2079280
2080880
2081230
2082510
2082560
2082570
2082620
2082900
2083030
2083320
2083360
2083840
2084590
2084930
2085170
2086110
2086910
2087390
2088360
2089710
2089960
2091300
2091640
2091880
2092370
2093070
2093650
2094580
2095060
2095150
2095780
2096010
2096020
2096850
2097850
2098820
2098880
2099060
2099150
2100660
2101440
2101700
2102240
2102440
2103040
2103060
2103710
2104590
2104990
2106310
2106970
2106990
2107140
2107710
2107820
2108210
2111120
2111600
2112500
2112750
2113490
2114390
2114790
2114850
2116620
2117170
2117930
2118110
2118410
2118570
2119100
2121120
2121370
2121750
2122180
2124780
2126400
2126520
2126590
2127160
2127920
2128270
2128410
2129120
2129300
2131430
2131620
2132340
2132610
2133300
2133570
2134360
2134530
2134980
2135190
2136010
2136620
2137310
2137780
2137930
2138460
2138620
2138930
2140110
2141300
2141840
2143950
2144990
2145320
2146320
2148170
2148330
2149560
2150700
2151440
2152160
2153420
2154000
2154700
2154910
2156380
2156420
2156830
2157920
2158050
2158520
2158850
2159100
2159270
2159470
2159650
2160090
2160210
2161480
2162510
2162930
2162970
2163720
2163760
2164740
2164990
2165010
2166480
2167770
2167870
2167940
2171910
2174690
2174890
2175010
2176200
2176980
2177620
2177960
2180950
2183340
2184770
2185860
2186780
2186970
2189470
2191080
2191270
2192170
2192270
2194910
2195840
2195900
2196660
2197880
2198350
2198560
2198590
2198720
2198730
2199320
2199450
2199820
2199830
2200920
2202010
2202080
2204950
2205160
2205180
2208000
2208330
2208950
2209030
2209140
2210670
2211170
2211520
2212330
2212410
2212420
2213410
2213600
2218360
2218750
2219240
2219280
2219870
2219910
2219920
2221130
2221230
2222720
2222830
2223550
2223670
2225310
2225340
2225430
2225500
2225830
2226430
2226670
2226920
2227150
2227390
2227530
2228350
2228370
2228510
2230010
2230930
2232800
2233790
2234170
2234440
2234870
2235170
2238440
2238630
2239000
2239380
2241000
2241530
2243150
2244770
2246290
2246630
2246750
2246780
2247050
2248900
2250450
2251540
2253080
2253780
2254350
2255140
2256260
2256450
2256880
2256970
2257790
2258270
2258300
2258390
2258480
2260790
2261040
2261150
2261410
2262230
2262680
2262880
2264470
2265300
2265870
2266510
2266650
2266660
2267310
2267370
2267560
2267760
2268280
2268360
2268910
2269170
2269380
2269390
2270800
2272150
2274360
2274990
2276580
2276590
2276900
2276930
2278300
2278840
2279060
2279200
2279370
2281230
2281700
2281920
2282480
2282890
2282910
2283470
2283670
2284070
2284280
2284330
2284680
2285180
2286450
2287790
2289340
2289990
2290220
2291980
2291990
2292450
2293120
2295280
2296050
2296100
2296400
2297240
2297530
2298420
2298490
2300950
2301090
2302320
2303360
2303860
2304350
2304910
2306690
2307610
2307650
2307660
2307800
2308020
2308630
2308850
2310840
2310850
2311020
2311360
2312320
2313180
2313260
2314610
2315490
2315700
2316660
2318620
2318680
2319560
2319850
2320040
2320130
2320320
2320570
2320890
2323730
2323780
2324070
2324390
2324730
2324940
2325040
2325340
2326000
2326320
2326410
2326500
2328080
2328140
2328170
2329390
2329490
2330090
2330900
2331240
2331870
2332050
2332150
2334080
2334480
2335150
2335190
2335250
2335510
2336220
2337770
2337990
2338490
2339040
2339950
2340060
2340930
2341410
2342320
2342600
2343160
2343610
2344580
2344640
2344910
2345890
2346130
2346540
2346710
2346890
2347930
2347950
2349830
2350270
2351200
2351250
2352000
2353240
2353600
2353780
2354140
2354730
2354830
2356790
2356850
2359680
2361040
2361450
2361530
2362010
2362120
2363170
2363430
2363960
2366160
2366170
2366610
2366870
2368300
2368410
2368540
2368860
2368940
2369520
2369710
2370940
2370960
2371710
2372400
2372500
2373550
2375960
2376750
2376990
2377050
2377250
2377480
2378150
2378260
2379300
2379470
2379650
2379880
2380490
2380580
2380900
2382380
2383420
2386460
2387100
2389850
2390880
2393730
2394700
2396310
2397630
2398980
2399090
2399280
2399340
2400400
2400510
2402120
2403880
2403900
2404070
2404510
2404890
2405830
2406720
2407540
2409040
2409950
2410100
2410270
2410820
2410850
2413830
2413840
2413940
2414060
2414230
2416580
2416770
2417240
2417730
2417850
2417890
2418380
2418530
2418980
2419120
2419160
2419640
2422210
2422440
2422500
2422540
2422980
2423630
2424500
2426350
2427700
2428310
2430540
2431970
2432250
2432770
2433210
2434000
2434300
2434720
2435180
2435710
2435840
2436160
2437570
2437660
2437890
2438290
2440380
2441630
2441750
2442900
2443120
2443950
2444170
2444370
2444490
2445000
2445240
2446560
2446920
2447220
2447500
2447980
2448380
2448830
2449200
2449680
2449740
2450290
2450400
2451820
2453570
2454690
2456030
2456380
2456900
2458700
2458940
2460440
2460640
2460850
2461010
2461210
2461570
2461580
2461710
2461910
2462380
2462790
2463360
2464880
2465530
2467050
2467200
2467850
2468690
2468980
2469460
2469770
2469860
2471050
2471100
2471390
2471690
2471780
2471970
2472450
2472540
2472720
2473040
2474290
2474410
2475030
2475380
2475720
2475730
2477710
2477750
2477940
2478400
2479030
2480020
2480660
2480760
2480820
2481180
2481730
2481800
2482800
2482820
2483150
2483160
2483920
2484540
2484840
2488240
2488590
2488770
2488940
2489430
2489560
2490090
2490140
2490680
2492070
2492330
2493140
2493150
2493260
2493910
2495950
2497210
2497340
2498090
2498340
2498570
2499080
2499350
2499500
2500700
2501230
2501590
2501820
2502420
2505430
2505460
2505560
2506570
2506810
2506900
2507500
2507600
2509650
2511960
2512870
2512920
2515100
2517330
2517860
2518740
2519240
2519580
2520640
2523000
2523310
2523390
2525710
2527140
2527340
2528710
2529290
2529620
2529740
2531560
2531940
2532830
2533600
2534040
2534550
2536630
2537070
2537470
2538100
2538580
2538670
2538860
2539180
2540770
2541150
2541440
2542650
2542800
2544190
2544650
2544670
2545830
2546410
2546520
2546940
2547400
2548160
2550120
2553530
2554000
2555870
2556730
2556740
2557030
2557510
2557530
2557690
2560590
2561060
2561860
2563800
2564880
2565450
2565520
2567200
2568810
2570630
2570830
2571770
2572240
2572880
2573340
2573650
2573750
2574320
2576550
2576680
2577020
2577550
2578160
2578340
2578420
2578770
2578830
2579500
2581420
2582810
2584340
2585100
2585490
2586100
2586310
2587840
2587890
2588810
2589550
2591130
2591830
2592060
2592150
2592340
2593140
2594580
2595270
2596200
2596270
2596880
2597110
2597150
2597180
2598130
2598870
2599700
2601190
2601560
2602290
2602360
2603740
2604030
2604360
2604590
2604850
2604950
2605350
2605400
2605600
2606710
2607700
2608320
2608710
2610410
2610970
2611360
2613830
2613860
2613940
2614080
2614430
2614910
2614970
2615050
2615120
2616200
2616650
2616670
2616800
2617300
2617830
2618540
2618550
2618560
2618630
2618710
2618770
2618910
2618940
2619190
2619740
2620460
2620500
2620690
2621290
2621320
2621460
2623410
2623430
2625610
2626220
2626410
2626730
2626960
2627770
2628110
2628200
2628420
2629230
2629950
2630070
2630130
2630140
2631040
2631960
2632190
2632320
2632900
2634140
2634200
2634730
2634770
2635830
2636410
2636960
2637050
2638050
2638340
2638610
2638670
2639560
2639750
2640360
2640800
2640910
2643290
2643960
2644670
2645100
2646270
2646720
2647560
2650820
2650830
2651580
2652070
2653150
2653390
2653860
2653980
2654080
2654750
2655080
2656310
2656410
2656990
2657750
2657780
2657850
2658070
2658560
2658690
2659190
2659580
2660130
2661160
2661290
2661450
2661740
2661900
2661920
2661930
2663150
2663650
2664760
2665400
2665490
2665630
2665700
2666350
2666440
2666720
2666840
2667000
2667120
2667240
2668120
2668950
2669390
2669490
2670940
2671010
2671800
2671920
2672550
2672700
2673510
2673520
2673660
2673690
2674200
2674720
2674990
2678290
2678460
2679640
2679860
2680450
2681260
2681270
2681570
2682910
2683190
2683200
2683210
2683460
2683590
2683760
2683770
2684230
2684270
2684360
2684420
2684430
2685300
2685810
2686320
2686670
2687130
2688520
2688730
2689470
2691050
2691650
2693430
2693710
2694390
2694400
2694440
2694480
2694740
2695020
2697060
2697410
2697670
2698680
2698840
2698900
2699030
2699250
2699540
2700130
2700250
2700410
2701410
2702010
2702170
2702220
2703790
2704300
2707320
2707610
2708140
2708240
2708720
2711050
2712670
2714090
2716120
2716400
2716690
2717140
2717250
2717810
2718130
2718160
2718820
2719150
2720210
2720340
2720730
2721710
2722530
2722780
2723270
2723500
2723800
2723880
2724140
2724400
2724620
2725060
2726450
2726470
2726760
2727570
2728790
2728920
2729520
2729670
2729940
2730170
2730680
2730690
2731200
2731480
2731590
2731910
2733000
2733160
2733260
2734310
2734380
2735070
2735190
2736520
2737130
2737300
2739120
2740170
2740310
2741480
2741610
2741780
2742550
2742890
2743970
2744400
2744550
2744620
2744640
2744670
2744730
2744870
2745080
2745400
2745620
2746140
2747540
2748590
2748690
2748930
2749130
2750320
2753110
2753250
2753290
2753500
2753950
2754380
2754710
2754880
2755320
2755360
2755460
2755700
2756520
2758010
2758150
2758350
2758380
2758580
2758920
2759170
2759280
2759640
2759760
2760900
2760970
2761010
2761200
2761900
2762170
2762230
2762440
2762820
2763200
2763440
2763640
2763670
2763780
2764100
2764350
2764500
2764650
2765490
2765760
2766590
2766600
2767990
2769170
2769240
2770030
2770320
2771550
2771580
2771670
2772120
2772330
2772370
2772380
2772890
2773530
2774530
2775220
2776630
2777140
2777890
2778200
2778210
2778240
2779170
2779270
2779710
2779930
2780410
2780760
2781490
2781740
2782250
2782380
2782600
2782940
2783000
2783120
2783410
2783430
2783730
2783790
2784140
2784250
2784550
2784800
2786060
2786270
2786280
2786350
2787370
2788070
2788990
2789730
2789790
2789810
2790180
2790870
2791010
2791130
2791650
2791890
2792160
2792660
2792740
2793380
2794260
2795090
2795970
2796000
2796120
2796240
2796350
2797190
2797200
2797400
2797470
2797930
2797960
2798260
2798680
2798880
2799070
2799170
2800300
2800490
2800900
2801290
2801920
2802410
2803220
2803490
2803530
2805040
2805360
2805580
2805840
2806960
2807130
2807390
2807450
2807580
2807960
2808130
2808210
2808260
2809170
2809810
2809920
2810030
2810480
2810670
2811120
2811810
2812260
2812450
2813890
2814660
2815800
2816520
2816530
2817070
2817510
2817970
2818350
2818440
2819950
2820360
2821010
2821370
2822300
2822590
2822700
2823070
2823270
2823340
2823360
2823840
2823860
2823930
2824880
2825130
2826110
2826640
2826650
2826670
2827570
2829910
2830200
2830320
2830550
2830880
2830960
2831200
2831900
2832300
2832630
2832820
2833170
2833470
2833610
2834520
2834870
2835090
2835550
2836980
2837170
2837490
2838800
2839070
2839160
2839310
2840080
2840450
2840590
2841410
2841470
2841760
2842020
2842150
2842190
2842300
2843050
2843500
2845240
2846040
2846860
2847300
2847380
2848160
2848880
2849190
2849590
2849650
2850000
2850140
2850410
2850640
2850860
2850970
2851420
2852920
2853070
2853180
2853470
2854530
2855830
2856700
2857690
2858790
2859670
2859700
2859970
2860170
2860200
2860220
2860390
2861280
2861360
2861880
2862070
2862400
2862460
2862560
2862660
2862780
2862850
2863530
286360
2864220
2864370
2864590
2865890
2865950
2866000
2868400
2868790
2868840
2870250
2870510
2870610
2870660
2872700
2872740
2872950
2873070
2873190
2873270
2873650
2873860
2873960
2874200
2874210
2874220
2874500
2874520
2874680
2874870
2874990
2875030
2876190
2876790
2877760
2877890
2877910
2878060
2878280
2878710
2878860
2879040
2879650
2880190
2880990
2881170
2881430
2881590
2882260
2882330
2882490
2882620
2882630
2882700
2882810
2883120
2883220
2883280
2883380
2884000
2884050
2885570
2885580
2885990
2886740
2887100
2888660
2888690
2889960
2890720
2891300
2891440
2891520
2891960
2892090
2892590
2894230
2894900
2895300
2896000
2896200
2897920
2898300
2898840
2899160
2899250
2899510
2899930
2899990
2900840
2901280
2901380
2901820
2902210
2902300
2902320
2902490
2902790
2903100
2905120
2905170
2905960
2906730
2906880
2907500
2907530
2907850
2907880
2907890
2908270
2908280
2908500
2908830
2909270
2909890
2910740
2910930
2911670
2912100
2912540
2912640
2912730
2913610
2914090
2914880
2914960
2915680
2915920
2916390
2916460
2917630
2917640
2917850
2918430
2918930
2919420
2919650
2919680
2919770
2919860
2920060
2920880
2921550
2922030
2922680
2922710
2923550
2923960
2924110
2924270
2924780
2924960
2925120
2925510
2927320
2927520
2927840
2927900
2927960
2928390
2928790
2928840
2928880
2928890
2928940
2928950
2929510
2929520
2929590
2929730
2929970
2929990
2930080
2930520
2930650
2930990
2931510
2931600
2933060
2934230
2934250
2934520
2934650
2935020
2935380
2935610
2935870
2936620
2936650
2936720
2936750
2936790
2937240
2937380
2937620
2937650
2938230
2938490
2938550
2939600
2940020
2941400
2941490
2941640
2941730
2942430
2942470
2942730
2943030
2943130
2943260
2943630
2944430
2945350
2945950
2946440
2947450
2947470
2947690
2948470
2949780
2950030
2950430
2950480
2952110
2952910
2953180
2953240
2953670
2953680
2953910
2954690
2954740
2954940
2955460
2955600
2955740
2956040
2956360
2956730
2957150
2957200
2957280
2957970
2958300
2959360
2959760
2959960
2960080
2960650
2960690
2960790
2961870
2961960
2962000
2962060
2962860
2963280
2964420
2965820
2966250
2966500
2966550
2966560
2966680
2966710
2967050
2968710
2968970
2969140
2971450
2971530
2971660
2971770
2971960
2972300
2972600
2972910
2972960
2973000
2973490
2974050
2974080
2974530
2974550
2974630
2975040
2975110
2976300
2976450
2976510
2976630
2976710
2976810
2977140
2977820
2978700
2978740
2979560
2979620
2979650
2979710
2980110
2980280
2980330
2980860
2981580
2981850
2982280
2982720
2982820
2983420
2984090
2984410
2984520
2984850
2985390
2986690
2987110
2987180
2987740
2988690
2989170
2989400
2989450
2989940
2990270
2990420
2990580
2990600
2990640
2990670
2990840
2991890
2993150
2993350
2993490
2993740
2994110
2994730
2994800
2995310
2997190
2997880
2998480
2998670
2999050
2999860
2999910
3000030
3000490
3000610
3000910
3002720
3002800
3002870
3002900
3004390
3004640
3005040
3005080
3005380
3005450
3005620
3006390
3006530
3006590
3006990
3007070
3007290
3007660
3007940
3008190
3008560
3008790
3008800
3008930
3009500
3009760
3009880
3011060
3011900
3012200
3012370
3012530
3012740
3013050
3014510
3015150
3015270
3015830
3016120
3016480
3016690
3016730
3017410
3018040
3018320
3018890
3019010
3019160
3019170
3019370
3019870
3019910
3020020
3020210
3020880
3021010
3021200
3021690
3021750
3021790
3022270
3022400
3022590
3022860
3023450
3023580
3023740
3024410
3024440
3024460
3025420
3025830
3026350
3026410
3026480
3026650
3026660
3026840
3027060
3027470
3027660
3027790
3028070
3028220
3028450
3028840
3029010
3029570
3029960
3030000
3030210
3030470
3031650
3032430
3032490
3032830
3032910
3033120
3033230
3033470
3033860
3034040
3034540
3034670
3035090
3035370
3035440
3035890
3035900
3035940
3036240
3036350
3036820
3037250
3037420
3037550
3038460
3038660
3038810
3039180
3039420
3039740
3039770
3039930
3040060
3040750
3041020
3041480
3041530
3042020
3042170
3042190
3042430
3042570
3043430
3044100
3044200
3044510
3045000
3045080
3045650
3045900
3046170
3046860
3047220
3047440
3047580
3048110
3048840
3049050
3049380
3049760
3049800
3050200
3050360
3050540
3050660
3051860
3052490
3052500
3052650
3053970
3054210
3054390
3054830
3055000
3055330
3055550
3055980
3056110
3056280
3056310
3056600
3056660
3056890
3057010
3057670
3057790
3057900
3058090
3058710
3058930
3059390
3060130
3060300
3060400
3061050
3062090
3062450
3062490
3062500
3062580
3062980
3063070
3063730
3063960
3064010
3064030
3064110
3064270
3064290
3064330
3064430
3064530
3064830
3065490
3065800
3065860
3066320
3066840
3068390
3068670
3068690
3069070
3069390
3069430
3070020
3071010
3071270
3071560
3071570
3071660
3072000
3072150
3072750
3072840
3072880
3073130
3073720
3073850
3073860
3074090
3074380
3076530
3076650
3077280
3078190
3078260
3079610
3080050
3080200
3080300
3081190
3081270
3081660
3081760
3081840
3082200
3082220
3082310
3082380
3082600
3082630
3082890
3083090
3083620
3083640
3083670
3083930
3083960
3084020
3084510
3084880
3086720
3086980
3087810
3088680
3089840
3090920
3091100
3091200
3091250
3091310
3091520
3091650
3091830
3091870
3092040
3093050
3093390
3093590
3093860
3095590
3096260
3096400
3096700
3096950
3097000
3097670
3098460
3098690
3098730
3099360
3100790
3100880
3101290
3101920
3102250
3103090
3103290
3103410
3103820
3104000
3104510
3104600
3104990
3105390
3105420
3105430
3106010
3106040
3106590
3106600
3107150
3107310
3107330
3107520
3107540
3107590
3108610
3108760
3109050
3109220
3109290
3109300
3109450
3109580
3111100
3111120
3112220
3112470
3113030
3113240
3113550
3113950
3114470
3114920
3115210
3117660
3118290
3118550
3118640
3119350
3119560
3120040
3120090
3120910
3121120
3121430
3121930
3122200
3122210
3122260
3122360
3122420
3122440
3122660
3122840
3122850
3123840
3124010
3124850
3125070
3125260
3125600
3126050
3126340
3127290
3127370
3127840
3128010
3128150
3128450
3129110
3129690
3130050
3130160
3132110
3132700
3133370
3134200
3134480
3134560
3134640
3134790
3135160
3135220
3135640
3136020
3136130
3136860
3137100
3137130
3137460
3137590
3137650
3138170
3138210
3138370
3138560
3138970
3139270
3139280
3139330
3139360
3139500
3140160
3140910
3141420
3141720
3141730
3141960
3142730
3143060
3143190
3143880
3144800
3146010
3147130
3147300
3147370
3147650
3147920
3148080
3148140
3148510
3148670
3148850
3148980
3149250
3150310
3150330
3150690
3151840
3152090
3152460
3153240
3154120
3154360
3154600
3154830
3155150
3155310
3155350
3155910
3156220
3156240
3156980
3157070
3157240
3157400
3157890
3157900
3158050
3158110
3159470
3160090
3160170
3160370
3160450
3160460
3161400
3161420
3161730
3161850
3162260
3162670
3163320
3163380
3163540
3163600
3163660
3163850
3163870
3164390
3164540
3164730
3165390
3165730
3165880
3166020
3166610
3166730
3166810
3166850
3167130
3167170
3167260
3167530
3167550
3168050
3168390
3168570
3168700
3168760
3169060
3169090
3169270
3169750
3170230
3170670
3170730
3171140
3171150
3172080
3172400
3172550
3172790
3172830
3173120
3173220
3173360
3173560
3173650
3173720
3173920
3174420
3174870
3175150
3175660
3175890
3175940
3176280
3176370
3176620
3179200
3179390
3179900
3179920
3180230
3180430
3180440
3181870
3182070
3182140
3182400
3182450
3182800
3183070
3183420
3184080
3184100
3184870
3185150
3185230
3185260
3185990
3186020
3187360
3188560
3189090
3189570
3189830
3190430
3190880
3190900
3191170
3191360
3191390
3191430
3191500
3191540
3191870
3191960
3192220
3192670
3192920
3193280
3193520
3193570
3194890
3194970
3195820
3196110
3196520
3196670
3196830
3198120
3198270
3198450
3198920
3199000
3199950
3200160
3200220
3200500
3200760
3200770
3200790
3200860
3200970
3201200
3202800
3203000
3203010
3203590
3203650
3203750
3204120
3204380
3204460
3204540
3205070
3205350
3205470
3205520
3205650
3206910
3206990
3207220
3207280
3207940
3208060
3208190
3208480
3208560
3208570
3208580
3208770
3209500
3209760
3209920
3210830
3210870
3210910
3211010
3211150
3211210
3211530
3211750
3211840
3211880
3212290
3212560
3212630
3212780
3213360
3213430
3213670
3213990
3214070
3214380
3214720
3214830
3215120
3216160
3216340
3216850
3216960
3217020
3217960
3218680
3219010
3219110
3219160
3219630
3219740
3220400
3220520
3220620
3220670
3220760
3221310
3221570
3221820
3222310
3222370
3223370
3223510
3224950
3224990
3225790
3226210
3226390
3226580
3226750
3227060
3227280
3227320
3227330
3227630
3227640
3227970
3228260
3228270
3228380
3228600
3228620
3228770
3229000
3229090
3229470
3229480
3231340
3231430
3231990
3232080
3232130
3232520
3233740
3234370
3234550
3234600
3234660
3234730
3234760
3235110
3235170
3235350
3235550
3235610
3235760
3235960
3236250
3236280
3236360
3237380
3237590
3238150
3238190
3238220
3238250
3238880
3238920
3239030
3239480
3239490
3240230
3240350
3240510
3240930
3241070
3241390
3242360
3242410
3242870
3242910
3243190
3244090
3244150
3244210
3244240
3244280
3244430
3244460
3244840
3245030
3245560
3245590
3245660
3245890
3245910
3246020
3246510
3247980
3248000
3248280
3248550
3249060
3249180
3249380
3249680
3249800
3250130
3250740
3251180
3251750
3251780
3251810
3252190
3252310
3252350
3252500
3252570
3252920
3253300
3253880
3254180
3255520
3256300
3256440
3256690
3256760
3257040
3257340
3257980
3258190
3258320
3258340
3258480
3258550
3258610
3259080
3259170
3259810
3259910
3260000
3260110
3260730
3260780
3261100
3261110
3261120
3261500
3261860
3262100
3262280
3262770
3263850
3263870
3264030
3264110
3264330
3264380
3264550
3264690
3264760
3265260
3265280
3265690
3265760
3266180
3266240
3266620
3266880
3266910
3267500
3267900
3268170
3269180
3269370
3269600
3269680
3269810
3270010
3270520
3270530
3270580
3271010
3271420
3272130
3272910
3273920
3274090
3274940
3275250
3276490
3276500
3276890
3277210
3277500
3277630
3277650
3277990
3278020
3278290
3279360
3279450
3279610
3279670
3280370
3281640
3282100
3282260
3282550
3283700
3283730
3284230
3284680
3285170
3285800
3285850
3285910
3286030
3286350
3286670
3286850
3288340
3288370
3288650
3289270
3290400
3291420
3291880
3292270
3292300
3292520
3292630
3292670
3292900
3292980
3293150
3293550
3293720
3294190
3294930
3294950
3295730
3295760
3295860
3296450
3296910
3297240
3297420
3297570
3297700
3299310
3299380
3299660
3299980
3300300
3300480
3301260
3301980
3302610
3303010
3304090
3304110
330420
3304430
3305340
3305430
3306030
3307200
3307370
3307410
3310010
3310220
3310670
3311220
3312030
3312500
3312720
3312760
3313770
3314080
3314240
3314420
3315280
3316380
3316390
3316580
3316620
3316640
3317150
3317220
3317370
3318680
3319000
3319030
3319150
3320170
3320330
3320800
3321330
3321480
3322940
3323020
3323040
3323050
3323150
3323310
3323620
3324040
3324080
3324820
3325970
3326600
3328360
3328370
3328390
3328750
3328990
3330140
3330460
3330830
3331300
3331370
3332110
3332170
3332630
3332730
3332860
3333330
3333700
3333840
3334330
3334770
3334830
3335070
3336370
3337010
3337100
3337660
3338840
3338890
3339420
3340180
3340790
3341140
3342050
3342870
3343630
3344070
3344280
3345490
3345980
3346510
3346580
3346760
3346820
3346950
3347200
3347270
3347420
3347430
3347590
3347870
3349650
3349960
3350460
3350480
3350900
3350930
3351110
3351150
3351430
3351470
3351540
3352000
3352300
3352310
3352990
3353280
3353290
3353630
3353710
3353750
3353870
3353900
3354550
3355060
3355890
3356030
3356040
3356370
3356450
3356510
3356650
3356760
3357270
3357970
3359200
3359240
3359260
3359290
3359700
3360230
3360400
3360950
3360990
3361030
3361200
3361280
3361320
3361470
3361510
3361660
3361840
3361850
3363580
3363620
3364470
3364560
3364730
3365370
3365460
3366100
3366120
3366350
3366380
3366930
3367140
3367530
3368340
3368400
3369170
3369250
3369310
3369870
3370260
3370300
3370550
3370740
3372070
3372420
3372460
3372750
3372980
3373520
3374600
3375070
3375260
3375440
3375490
3375560
3376150
3376250
3377470
3377580
3378090
3379160
3379220
3379250
3379320
3379730
3380100
3380740
3380810
3381440
3381710
3383350
3383970
3385260
3385370
3385410
3385550
3385870
3386020
3386380
3387130
3387160
3387170
3387350
3388150
3388360
3388440
3388600
3389460
3389610
3389700
3389740
3390320
3390650
3391190
3391210
3391280
3391580
3391760
3393990
3394000
3394010
3394090
3394530
3394810
3394910
3395660
3395670
3395750
3395850
3396060
3396140
3396630
3396850
3396900
3396930
3397170
3397880
3397920
3398180
3398200
3398430
3400970
3401130
3401490
3402650
3403860
3404110
3404230
3404440
3404520
3404550
3404960
3405360
3405430
3405540
3405900
3406510
3408020
3408040
3410040
3410180
3410660
3411020
3411030
3411360
3411490
3411560
3412330
3412610
3412630
3412670
3412790
3413050
3413590
3414040
3414240
3415150
3415570
3415620
3415810
3416040
3416380
3416440
3416810
3416990
3417670
3417920
3418150
3418550
3418590
3418780
3418820
3418830
3418850
3419670
3419770
3420130
3420610
3420880
3421430
3421440
3421720
3421950
3422110
3422180
3422620
3422630
3422700
3422940
3423020
3423500
3424060
3424300
3424330
3424450
3424610
3425110
3425420
3425850
3425880
3426050
3426200
3426360
3426570
3426680
3427090
3427470
3427940
3428430
3428480
3428640
3428660
3428700
3428890
3429390
3429540
3430250
3430380
3430570
3431030
3431040
3431440
3431580
3431750
3431770
3432080
3432640
3432670
3432940
3433130
3433140
3433210
3433450
3433560
3433720
3433840
3434320
3435190
3435250
3435450
3436440
3436600
3436630
3436680
3436850
343690
3437040
3437080
3437460
3437840
3437960
3438090
3438460
3438950
3439310
3439450
3439960
3440470
3440550
3440810
3441280
3441540
3442110
3442120
3442690
3442810
3443020
3443040
3443400
3443650
3443770
3444230
3444710
3444870
3445130
3445480
3445580
3445690
3445720
3445890
3446230
3446250
3446540
3446840
3447140
3447160
3447260
3447360
3447910
3448140
3448370
3448380
3448690
3449020
3449470
3449860
3449990
3450220
3451200
3451610
3451980
3452390
3452790
3452870
3453040
3453540
3454520
3454590
3454830
3454890
3455090
3456230
3456330
3456570
3456750
3457080
3457220
3457490
3457640
3458180
3458240
3458520
3458940
3459420
3459670
3459750
3460240
3460290
3460350
3460580
3460600
3461510
3462010
3462150
3462160
3462310
3462350
3462500
3462770
3463340
3463450
3463670
3464030
3464180
3464520
3464820
3465750
3465880
3466580
3466620
3468370
3468380
3468390
3468520
3468540
3468610
3468620
3468770
3468920
3469360
3469650
3469750
3470220
3470470
3470640
3470780
3470940
3472810
3475090
3475180
3475310
3476380
3476540
3476760
3476920
3477200
3477480
3477660
3477680
3477800
3478450
3478710
3478760
3479000
3479050
3479090
3479160
3479300
3479350
3479680
3479830
3480040
3480530
3480580
3480980
3481670
3481800
3482440
3483270
3483760
3484030
3485450
3485500
3485740
3486240
3486280
3486680
3486770
3487850
3487960
3488310
3488460
3488510
3488590
3488630
3488760
3489200
3489540
3489730
3490280
3490850
3491280
3491450
3491670
3492420
3492540
3492550
3492600
3492660
3493220
3494480
3495190
3495210
3495250
3495730
3496460
3496660
3496890
3497030
3497150
3497490
3497740
3497750
3498260
3498340
3498550
3499140
3499470
3499540
3499910
3500380
3500640
3500780
3501380
3501390
3501400
3501740
3501890
3502110
3502400
3502520
3503000
3503020
3503160
3503280
3503310
3503410
3503830
3503870
3504220
3504330
3504430
3504630
3504950
3504960
3505230
3505750
3505770
3505950
3506180
3506430
3506660
3507110
3507420
3507510
3507570
3507620
3508250
3509040
3509090
3509260
3509810
3510260
3510500
3510660
3510940
3511390
3511480
3511640
3511670
3511720
3511780
3511950
3512130
3512300
3513510
3514610
3514780
3515020
3515320
3515330
3515340
3515350
3515360
3515370
3515490
3515580
3515750
3515790
3515850
3516850
3516880
3517210
3517300
3517570
3517600
3518570
3518880
3519530
3520040
3520170
3520360
3520420
3520670
3520720
3520970
3521070
3521220
3521300
3521340
3521390
3521500
3521680
3521960
3522730
3522740
3522750
3522840
3523320
3523380
3523390
3523480
3523550
3523830
3524090
3525080
3525170
3525350
3525580
3525700
3525740
3525970
3526170
3526190
3526200
3526320
3526500
3527150
3527340
3527650
3528690
3528730
3528810
3528950
3529320
3529390
3529420
3529560
3529670
3530560
3531290
3531640
3532340
3532520
3532990
3533140
3533650
3534800
3534850
3535080
3535390
3535710
3536380
3536450
3536620
3536750
3537140
3537930
3538370
3538450
3538730
3538860
3539030
3539040
3539070
3539300
3539430
3539870
3540030
3540230
3540850
3541180
3541690
3541710
3541720
3542350
3542680
3543590
3543610
3544020
3545290
3545410
3546390
3547130
3547330
3547960
3548260
3548350
3549010
3549400
3550060
3550240
3550760
3551090
3552120
3552180
3552390
3552540
3552690
3552930
3553220
3553410
3553430
3553450
3553480
3553880
3553920
3554160
3554170
3554190
3554500
3554770
3554810
3555950
3556850
3557600
3557690
3557880
3558260
3560170
3560310
3560660
3560880
3561030
3561310
3561500
3561510
3561760
3561790
3561830
3561970
3563450
3563780
3564430
3565230
3565250
3565310
3565570
3565620
3565700
3565940
3566760
3567360
3567760
3568090
3568250
3568280
3568470
3568790
3568830
3569440
3570850
3571460
3571530
3572410
3573000
3573760
3574210
3574450
3575020
3575260
3575640
3575810
3576460
3576590
3576730
3578110
3578450
3578530
3578980
3579700
3580330
3580440
3581670
3582720
3583120
3583270
3583330
3583720
3584150
3584940
3585160
3585200
3585570
3585830
3587080
3587110
3587610
3588160
3588190
3589250
3589430
3589830
3589860
3590470
3590590
3590730
3590780
3591060
3591080
3591100
3591910
3592210
3592390
3592480
3593040
3593180
3593430
3593520
3593580
3593600
3593730
3593740
3594150
3594380
3594670
3595170
3595550
3595560
3596390
3596510
3597120
3597370
3597410
3597570
3597710
3598570
3598580
3598810
3598820
3598960
3599040
3599070
3599650
3599690
3600070
3600130
3600940
3600970
3600990
3601600
3601610
3602090
3602920
3603370
3603550
3604140
3604500
3606030
3606170
3606200
3606220
3606570
3606770
3606890
3606900
3607370
3607380
3607450
3607560
3608100
3608680
3608720
3609180
3609750
3610410
3610780
3611630
3612740
3612920
3613240
3613400
3613470
3613790
3613800
3613810
3613830
3613900
3614090
3614310
3614480
3614490
3614510
3614520
3615120
3615540
3616010
3616320
3616470
3617490
3617560
3617620
3617750
3618030
3618140
3618390
3618850
3619430
3620120
3620160
3620190
3620230
3620280
3620310
3620320
3620330
3620340
3620440
3621030
3621680
3622730
3623200
3623300
3623480
3624060
3624360
3624830
3625100
3625340
3625390
3625810
3625870
3626120
3626210
3626300
3626340
3626350
3626880
3627360
3627490
3628540
3628770
3628960
3628980
3628990
3629280
3629680
3629710
3629930
3629960
3630030
3630060
3630170
3630380
3630410
3630650
3630870
3630930
3631260
3631580
3631730
3632060
3632130
3632540
3632830
3633540
3633970
3634880
3634980
3635000
3635080
3636730
3636790
3636940
3637140
3637560
3637750
3637780
3637870
3638130
3638360
3639000
363920
3639370
3639660
3639730
3639920
3640020
3640430
3640510
3640640
3641000
3641010
3642440
3643480
3643510
3643590
3644000
3644040
3644070
3644150
3644490
3644620
3644970
3645100
3645650
3645660
3645800
3645970
3646430
3646460
3646580
3646610
3647040
3647600
3647710
3647900
3648050
3648150
3648660
3648730
3649160
3649360
3649520
3649710
3649810
3650320
3650720
3651260
3651470
3651630
3652210
3653420
3654420
3654630
3655260
3655470
3655580
3655610
3655710
3655730
3657050
3657280
3658670
3658720
3660200
3660320
3660520
3660540
3660860
3661210
3661790
3661870
3661940
3662060
3662210
3663630
3664140
3664220
3664530
3664590
3664640
3665720
3665830
3666100
3666770
3667060
3667200
3667230
3667390
3667520
3667660
3667850
3668090
3668430
3668520
3668620
3668720
3668910
3669790
3670280
3670440
3671060
3671660
3672370
3672420
3673360
3673990
3674250
3675570
3675700
3675910
3676060
3676310
3676840
3677070
3677920
3678080
3678130
3678390
3678830
3678870
3678880
3678900
3679120
3679430
3679560
3679570
3680520
3680870
3681370
3681780
3682390
3682440
3682850
3682970
3683000
3683060
3683250
3683380
3683520
3683720
3683910
3684370
3684380
3684450
3684490
3684800
3685060
3685150
3685170
3685470
3685620
3686100
3686120
3686580
3686790
3686800
3686850
3687140
3687160
3687170
3687330
3687590
3687600
3688390
3688650
3689670
3689920
3690070
3690300
3690330
3690350
3690430
3690680
3691310
3691430
3691640
3692200
3692230
3692280
3692480
3692690
3692760
3692820
3692840
3692960
3693470
3694080
3694480
3694960
3695240
3695250
3695360
3695440
3695470
3695540
3695590
3696180
3696190
369620
3696680
3696720
3697190
3697240
3697370
3697950
3697970
3698260
3698510
3698940
3699690
3699750
3699830
3699850
3700260
3700670
3700760
3700860
3701110
3701240
3701920
3702350
3702420
3702570
3702960
3703090
3703210
3703390
3704470
3704950
3705220
3705560
3705610
3705770
3706230
3706310
3706460
3707330
3708060
3708620
3708670
3708780
3709390
3709680
3709810
3710320
3710820
3711180
3711250
3711270
3711380
3711390
3711590
3711690
3712250
3713080
3714140
3714210
3714440
3714740
3714780
3715060
3715680
3716420
3716650
3716790
3716850
3716880
3717620
3718070
3718170
3718670
3718740
3718750
3718970
3719380
3719510
3719560
3719900
3720000
3720020
3720230
3720280
3720490
3720510
3721250
3721370
3721490
3721660
3722030
3722220
3722230
3722240
3722250
3722610
3722690
3723260
3724020
3724490
3725140
3725340
3725840
3726740
3727190
3727420
3727550
3727880
3728110
3728270
3728360
3730410
3730920
3731140
3731330
3731850
3732090
3732280
3732370
3732660
3732780
3732800
3733100
3733150
3733440
3733630
3733680
3734350
3734980
3735090
3735680
3736220
3736290
3736650
3736930
3737070
3737750
3737820
3738280
3738320
3738660
3738820
3738940
3739010
3739520
3739600
3740700
3741130
3741330
3741520
3741570
3741580
3741660
3741860
3741880
3741900
3741910
3742100
3742120
3742340
3742810
3742910
3743760
3744090
3744250
3744600
3744860
3744910
3745650
3745870
3745940
3746440
3746920
3746960
3747110
3747140
3747250
3747370
3747530
3748130
3748310
3748570
3748640
3749270
3749410
3749470
3749670
3750350
3750640
3750690
3751420
3751670
3751830
3752200
3752310
3752500
3753060
3753290
3753420
3753790
3754090
3754130
3754950
3755570
3755680
3756180
3756390
3756770
3756780
3756850
3756860
3756880
3756890
3756950
3757100
3757110
3757120
3757930
3757980
3758350
3758580
3758960
3760280
3760310
3761100
3761620
3761980
3762120
3762300
3762540
3762580
3762640
3762770
3762940
3762990
3763110
3763400
3763550
3764020
3764110
3765330
3765410
3766130
3766480
3766610
3766860
3766920
3766930
3767000
3767040
3767700
3767740
3767810
3768080
3768090
3768210
3768430
3769040
3769300
3769350
3769680
3769750
3770170
3770570
3770830
3770940
3771100
3771240
3771400
3771520
3771640
3772270
3772320
3772330
3772870
3773000
3773410
3773850
3774180
3774210
3774280
3774410
3774690
3774760
3774850
3774880
3775050
3775250
3775300
3775730
3775810
3776220
3776270
3776590
3776640
3778040
3778670
3778770
3778970
3779030
3779340
3779480
3779580
3780440
3780890
3781660
3781710
3781820
3781890
3781960
3782300
3782340
3782600
3783660
3784300
3784410
3784560
3784590
3784670
3784760
3784780
3784790
3784980
3786030
378630
3787520
3787840
3787870
3788120
3788390
3788680
3788940
3789060
3789290
3789380
3789790
3789880
3789930
3790890
3791080
3791370
3792470
3792540
3792620
3792910
3793240
3793510
3793880
3794160
3794210
3794260
3794500
3794560
3795920
3795990
3796200
3796210
3796380
3796770
3796850
3797000
3797060
3797140
3797340
3797670
3797690
3797830
3797880
3798400
3798540
3798590
3798630
3799200
3799500
3800100
3800880
3801340
3801530
3802040
3802470
3802530
3802740
3803270
3803390
3803680
3804330
3804400
3804450
3804770
3804990
3807000
3807420
3807870
3808010
3808120
3808180
3808320
3808690
3809090
3809140
3809710
3809880
3809940
3809950
3810040
3810230
3810480
3812120
3812200
3812360
3812740
3813260
3813330
3813550
3813760
3814700
3814830
3814980
3815550
3815570
3815640
3815990
3816010
3816450
3817250
3817720
3818310
3818640
3818710
3820200
3820230
3820330
3820620
3820720
3821100
3821280
3821430
3822500
3822710
3823190
3824090
3824170
3824230
3824280
3824540
3824850
3825440
3825450
3825740
3826680
3826780
3826930
3827530
3827630
3827690
3828390
3828570
3828980
3829280
3829620
3831080
3831220
3831230
3831350
3831830
3832320
3832360
3832520
3832630
3832750
3832840
3832910
3833100
3833260
3833760
3834650
3835040
3835290
3836000
3836010
3836600
3836780
3836920
3837060
3837300
3837530
3837840
3838210
3838370
3838900
3839060
3839580
3840710
3841230
3841900
3841920
3841970
3842090
3842300
3842720
3843070
3843740
3844500
3844760
3844940
3845030
3845450
3846730
3847630
3847650
3848140
3848320
3848660
3849300
3849640
3849700
3850180
3850460
3850480
3850610
3851070
3851470
3851570
3851920
3852180
3852440
3852780
3853120
3853330
3853410
3853550
3854110
3854540
3854620
3854690
3854970
3855610
3855760
3856230
3856300
3856340
3856860
3857290
3857360
3857430
3857970
3858270
3858490
3858690
3858960
3859020
3859030
3859350
3859550
3859690
3859800
3859950
3860210
3860400
3860800
3861010
3861240
3861320
3861330
3861390
3861580
3861590
3861820
3862520
3862600
3862630
3862840
3863510
3864060
3865710
3866220
3866310
3866700
3866750
3867150
3867230
3867360
3867660
3867710
3867960
3868390
3868500
3868760
3869240
3869880
3870110
3870120
3870140
3870310
3870440
3870820
3871180
3871520
3872380
3872880
3872950
3873050
3873280
3874530
3874580
3874950
3875620
3875650
3875710
3875800
3875810
3876260
3876520
3876530
3876860
3877090
3877550
3877990
3878420
3878430
3878590
3878620
3880290
3880590
3880670
3880820
3880880
3881310
3881520
3881630
3881730
3881970
3882340
3882440
3882570
3882750
3882890
3884200
3884510
3884610
3884620
3884770
3884790
388490
3885240
3885370
3885540
3885910
3886220
3886250
3886340
3886360
3886580
3886690
3886800
3887320
3887370
3887500
3888290
3888550
3889580
3889590
3890010
3890670
3890990
3891130
3891310
3892190
3892210
3892650
3893050
3893440
3893470
3893910
3894250
3894390
3894660
3894780
3894810
3896110
3896200
3896390
3896470
3896490
3896880
3896930
3897480
3897580
3898000
3898700
3899660
3900000
3900300
3900490
3901530
3901790
3901880
3902610
3902660
3903230
3903510
3903590
3904270
3904690
3904960
3905770
3905820
3906320
3906690
3906780
3906800
3907110
3907600
3907630
3907640
3908810
3909100
3909110
3909540
3909710
3909740
3910670
3911150
3911550
3911970
3912370
3912390
3912440
3913320
3913880
3914020
3914120
3914670
3914780
3915080
3915270
3915300
3915540
3916090
3916250
3916540
3917250
3917620
3917730
3918560
3918680
3918970
3919840
3920060
3920790
3920990
3921420
3921670
3921790
3923080
3923290
3923330
3923440
3923470
3923750
3924320
3924620
3924670
3924700
3925070
3925220
3925770
3925910
3926220
3926510
3926560
3927160
3927480
3927660
3928030
3928110
3928260
3928270
3928280
3928440
3928540
3928590
3928620
3928820
3928890
3929260
3929350
3929680
3929910
3930170
3930510
3931000
3931350
3931620
3931930
3931960
3932030
3932130
3932150
3932210
3932590
3932920
3933000
3933500
3933740
3934690
3935130
3935250
3936770
3936820
3937000
3937580
3937810
3938530
3938670
3938820
3938940
3939050
3939080
3939590
3939680
3940070
3940250
3940740
3940930
3941550
3942210
3942560
3942620
3942700
3942900
3943780
3943850
3943950
3944540
3944780
3944800
3946360
3946860
3946950
3947040
3947660
3948320
3948910
3949930
3950280
3950450
3950770
3950950
3951230
3951260
3951870
3952000
3952070
3952210
3952430
3952480
3952840
3952930
3953500
3953690
3954420
3954790
3954840
3954850
3955020
3955090
3955320
3955580
3955800
3956470
3956560
3956610
3957010
3957950
3958220
3958500
3958680
3959020
3959250
3959810
3960100
3960150
3960300
3960320
3960530
3960770
3960830
3960940
3961130
3961470
3961660
3961820
3962070
3962850
3962910
3962920
3963160
3963200
3963540
3963750
3964180
3964430
3964490
3964530
3964860
3965240
3965440
3965980
3966170
3966790
3967040
3967110
3967200
3967450
3968080
3968310
3968420
3968550
3969110
3969120
3969130
3969570
3969830
3971000
3971150
3971410
3971500
3971520
3972160
3972660
3972710
3972790
3973270
3973610
3974140
3974520
3974660
3975990
3976140
3976170
3976220
3976480
3976510
3976950
3977050
3977370
3977760
3977810
3978020
3978220
3978310
3978410
3978670
3978860
3979050
3979330
3979550
3980170
3980900
3982960
3982990
3983290
3983350
3983470
3984050
3984190
3984310
3984460
3984590
3984670
3984730
3984990
3985970
3985980
3986490
3986810
3987040
3987230
3987250
3988760
3989320
3989560
3989770
3990520
3991370
3992020
3993210
3993510
3994240
3994290
3994890
3995000
3995380
3995820
3996210
3996590
3997020
3997160
3997700
3997880
3997920
3998470
3998500
3998590
3998680
3998870
3999150
3999410
3999580
3999890
4000090
4000500
4000550
4001240
4001410
4001700
4001900
4003150
4003230
4003320
4003390
4003520
4003650
4004380
4005440
4005450
4005490
4005840
4006050
4006500
4006660
4006990
4008920
4009030
4009470
4009920
4009980
4010220
4010240
4010340
4010610
4011490
4011670
4011730
4011750
4012350
4013030
4013040
4013490
4014630
4014790
4015030
4015080
4015360
4016060
4016550
4016750
4017220
4017320
4017340
4017480
4017500
4017830
4017990
4018110
4018550
4018920
4018950
4020100
4020150
4020560
4020950
4021370
4021740
4022000
4022380
4022540
4022780
4022870
4022900
4022980
4023300
4023500
4023570
4023610
4023820
4024440
4024650
4025760
4025940
4026180
4026250
4026380
4026390
4026490
4027140
4027210
4027780
4028520
4028540
4028550
4028870
4028910
4028960
4029380
4029430
4029700
4029760
4029840
4030050
4030090
4030250
4030320
4030410
4030810
4031320
4031360
4031680
4031960
4032010
4032120
4032780
4033160
4033170
4033820
4033940
4034090
4034170
4034830
4035170
4035470
4035480
4035490
4036080
403620
4036220
4037080
4037380
4037960
4038200
4038280
4038390
4040510
4040550
4040560
4040610
4040880
4040980
4041100
4041480
4041530
4042570
4042850
4043240
4043640
4043760
4043920
4043940
4043990
4044250
4044270
4044560
4044690
4044930
4045180
4045560
4045890
4047060
4047080
4047120
4047410
4048060
4048590
4048790
4048850
4048920
4049120
4049280
4049480
4049620
4049690
4049950
4050410
4051130
4051220
4051970
4052620
4052690
4052860
4052910
4053390
4053500
4053960
4053980
4053990
4054060
4054730
4054740
4055690
405680
4057280
4057840
4057930
4058190
4058200
4058260
4059350
4059390
4059830
4059910
4060440
4060780
4061410
4061990
4062550
4062600
4062780
4063240
4063470
4063800
4063880
4064110
4065000
4065090
4065580
4065600
4065950
4066480
4067060
4067070
4067110
4067340
4067350
4067430
4067970
4068000
4068160
4068780
4068860
4068910
4069030
4069610
4069810
4069890
4070070
4070100
4070360
4070510
4070790
4070830
4071290
4072040
4072080
4072110
4072460
4072550
4072910
4073070
4073300
4074180
4074200
4074320
4074410
4074700
4074780
4075030
4075100
4075370
4075500
4076000
4076170
4076950
4077050
4077260
4077300
4077390
4078240
4078660
4078750
4078990
4079390
4079560
4079730
4079910
4080500
4080840
4081560
4081580
4082640
4082880
4083540
4084130
4084170
4084190
4085560
4085600
4085670
4085970
4086110
4086220
4086340
4086990
4087290
4087360
4087620
4087730
4088140
4088420
4088570
4089420
4089460
4089500
4089600
4090680
4090730
4090740
4091250
4091270
4091370
4091900
4091970
4092030
4092100
4092120
4092320
4092800
4092930
4093050
4093080
4093290
4093680
4094410
4094490
4094680
4095440
4095490
4096350
4097120
4097460
4097690
4097710
4098220
4098440
4098570
4099320
4099900
4100090
4100330
4100660
4101020
4101180
4101360
4101420
4101640
4101750
4102010
4102320
4102410
4102660
4102680
4102730
4103060
4103070
4103740
4103950
4104160
4104420
4104600
4104640
4104720
4104910
4105300
4105360
4105500
4105700
4106210
4106220
4106230
4106310
4106840
4107140
4107500
4107580
4107600
4108000
4108630
4108640
4108690
4109210
4109290
4109630
4109720
4109830
4111060
4111530
4111850
4113100
4113200
4113380
4113590
4113630
4113940
4114390
4114490
4115070
4115360
4115370
4116430
4116440
4116880
4116930
4117280
4117600
4117770
4117890
4118300
4118540
4118570
4119300
4119850
4120120
4120240
4120280
4120670
4121090
4121250
4122690
4122940
4123060
4123140
4123420
4123490
4125080
4125220
4125690
4125800
4125820
4126040
4127680
4127810
4128230
4128280
4129590
4129790
4130700
4130810
4130870
4130990
4131210
4131800
4132080
4132440
4132540
4133190
4133230
4133280
4133420
4133470
4133960
4134480
4134520
4134940
4135300
4135750
4136700
4136730
4136910
4137180
4137280
4137490
4137840
4138000
4138200
4138750
4139790
4140090
4140450
4141270
4141560
4142420
4142580
4142720
4143190
4143480
4143750
4144050
4144220
4144470
4144500
4144570
4144770
4144940
4145170
4145450
4145850
4145920
4147150
4147330
4148190
4148220
4149060
4149250
4149520
4149650
4149790
4149810
4149830
4149910
4150310
4150340
4151760
4151790
4152290
4152310
4152760
4152840
4152970
4153390
4154440
4154550
4154690
4155120
4155620
4155760
4155960
4156410
4157430
4157480
4157600
4158320
4158750
4158790
4158960
4159490
4159700
4159900
4160540
4160810
4160880
4160980
4161230
4161970
4162570
4162600
4162790
4163420
4163430
4163440
4163500
4163980
4164270
4164320
4165830
4166030
4166550
4166890
4167210
4167320
4167350
4167650
4168430
4168460
4168670
4168910
4169010
4169290
4169450
4170140
4170150
4170320
4170380
4170620
4170730
4170920
4171030
4171040
4171600
4171720
4171820
4171910
4172600
4172800
4173110
4173730
4174610
4174690
4174920
4175030
4175340
4175490
4175650
4175970
4175980
4176260
4176390
4176570
4176870
4176880
4177110
4177290
4177670
4177910
4177960
4178020
4178290
4178360
4178690
4179720
4179850
4179860
4181060
4181090
4181900
4181940
4182290
4182320
4182330
4183030
4183610
4183790
4184020
4184090
4184490
4185580
4186220
4187610
4187850
4187910
4188030
4188610
4188640
4188840
4189000
4189070
4189590
4189620
4190000
4190280
4190800
4190860
4191010
4191310
4192270
4192410
4192730
4192890
4193000
4193230
4193680
4193850
4194560
4195010
4195070
4195110
4195130
4195150
4195550
4195920
4196210
4196220
4196330
4197100
4198500
4198810
4199080
4199150
4199160
4199830
4199850
4199980
4200260
4200550
4200600
4200670
4200890
4201060
4201300
4201480
4201500
4201520
4201580
4201660
4202120
4202150
4202760
4203110
4203160
4203360
4203430
4203590
4204060
4204310
4204420
4204440
4204590
4204880
4204970
4204980
4206150
4206170
4207140
4207540
4209000
4209090
4209160
4209260
4209310
4209320
4209690
4209750
4210110
4210320
4210620
4210700
4211240
4211310
4211540
4211570
4212040
4212070
4212190
4212200
4212250
4213200
4213380
4213420
4213700
4213790
4213800
4213980
4215520
4215630
4216370
4216900
4217300
4217480
4217620
4217860
4218030
4218100
4218150
4218480
4218520
4219040
4219060
4219660
4219950
4220350
4220840
4220910
4221200
4221610
4222560
4222630
4223140
4224300
4224510
4224740
4225030
4225100
4225150
4225430
4225440
4225600
4226060
4226650
4226750
4226820
4227260
4227780
4227930
4230250
4231180
4231290
4231730
4231920
4232270
4233520
4233890
4233900
4233970
4234060
4234270
4234510
4235210
4236500
4236520
4236570
4236580
4236730
4236950
4236970
4236990
4237350
4237460
4237750
4238220
4239330
4239500
4239520
4239730
4240810
4240840
4241050
4242060
4242190
4242300
4242880
4243090
4243170
4243250
4243660
4243980
4244250
4244370
4244430
4244510
4244640
4244720
4244840
4244950
4245100
4245520
4245630
4246280
4246620
4246770
4246880
4247070
4247930
4248200
4248290
4248380
4248640
4248740
4248780
4248820
4249160
4249550
4249710
4249860
4249900
4249910
4249940
4250150
4250240
4250510
4250960
4251450
4251540
4252260
4252320
4252410
4252840
4253350
4253880
4254600
4254910
4255450
4255510
4255820
4256000
4256060
4256210
4256320
4256620
4256660
4256760
4257090
4257310
4257610
4257620
4257790
4257920
4258180
4258720
4258890
4259280
4259520
4259660
4259800
4260400
4260450
4260640
4260970
4261030
4261340
4261640
4261990
4262030
4262230
4262360
4262510
4263250
4264870
4265150
4265320
4265330
4265720
4266140
4266800
4267500
4267580
4268420
4268840
4269110
4269360
4269530
4269850
4270520
4270900
4271260
4271880
4272820
4273080
4273240
4273410
4273580
4273960
4274240
4274270
4274660
4274850
4275190
4275230
4275500
4275740
4275920
4275930
4276050
4276070
4276570
4276680
4277030
4277240
4277270
4277520
4277730
4277870
4278180
4278270
4278360
4278960
4278990
4279590
4279770
4280550
4280820
4281050
4281580
4281600
4283090
4283360
4283600
4283790
4284660
4284990
4285100
4285320
4285370
4285670
4286230
4287050
4287120
4287380
4287490
4287570
4287880
4287950
4288360
4288610
4288640
4288890
4288940
4289020
4289190
4289200
4289350
4289560
4289710
4289850
4290380
4290680
4290720
4291100
4291260
4291460
4291580
4291630
4291790
4291840
4292040
4292670
4292680
4292790
4292810
4292910
4292990
4293070
4293170
4293310
4293830
4294090
4294310
4295290
4295340
4295950
4295980
4296600
4296650
4296670
4296860
4296880
4296930
4297000
4297130
4297170
4297320
4297840
4298210
4298330
4298550
4298600
4299780
4300020
4300310
4300320
4300730
4301020
4301150
4301240
4301260
4302380
4302410
4302430
4302490
4303460
4303550
4303810
4303960
4304010
4304030
4304110
4304910
4305330
4305530
4305610
4305690
4305990
4306180
4306350
4307800
4308140
4308230
4308410
4308860
4309060
4309180
4309290
4309520
4309580
4309700
4309730
4309840
4310160
4310170
4310260
4310830
4312760
4313170
4313420
4313530
4314680
4314770
4315040
4315200
4315500
4315580
4315610
4316050
4316090
4317600
4319280
4320050
4320220
4320230
4320330
4320630
4320740
4321520
4321910
4322180
4322650
4323080
4323290
4323520
4323610
4323850
4324260
4324310
4324410
4325210
4325540
4326210
4326700
4327110
4327280
4327320
4327530
4327760
4329240
4329250
4329410
4329890
4329910
4330130
4330140
4330370
4330870
4330920
4330950
4331130
4331700
4332200
4332370
4332380
4332410
4333040
4333090
4333140
4333150
4333220
4333260
4333450
4333750
4333890
4333960
4334380
4334630
4334900
4335040
4335390
4335720
4335800
4335930
4337120
4337270
4337510
4337720
4337900
4339040
4339360
4339460
4339910
4340280
4340570
4340710
4342130
4342240
4342540
4342580
4342590
4343570
4343740
4343900
4344420
4344480
4344530
4344670
4344750
4344850
4345070
4345360
4345660
4345750
4346000
4347100
4347480
4348290
4348480
4349040
4349500
4350020
4350380
4350430
4350440
4350570
4350820
4350860
4350940
4351390
4352010
4352060
4352170
4352260
4352370
4353150
4353280
4353610
4353750
4354840
4354920
4356530
4356990
4357100
4358100
4358290
4358300
4358450
4358750
4358920
4359150
4359180
4359500
4359610
4359690
4360130
4360210
4360280
4360680
4361030
4361090
4361210
4361260
4361280
4361380
4361440
4362370
4362430
4363070
4364390
4364430
4364450
4364570
4364590
4364750
4364870
4365110
4365260
4365450
4365660
4365670
4366040
4366250
4366260
4366430
4366470
4366730
4367220
4367440
4368220
4368230
4368350
4368870
4369020
4369340
4369370
4369410
4369520
4369540
4369550
4369810
4369900
4370010
4370600
4370710
4371610
4371640
4371800
4372100
4372770
4373380
4373770
4373970
4374040
4374090
4374360
4374590
4374710
4375780
4376080
4376450
4376530
4376570
4376660
4376880
4377410
4378070
4378230
4379030
4379700
4380120
4380260
4381310
4382230
4382340
4383380
4383820
4384330
4384440
4385350
4385400
4385520
4385950
4386370
4387210
4387260
4387950
4388490
4388620
4388750
4389110
4389650
4389820
4390040
4390140
4390700
4390820
4391760
4392080
4392630
4393430
4393640
4393740
4394240
4394630
4395070
4396080
4396330
4396530
4396540
4396650
4396770
4396840
4397270
4397600
4398400
4398410
4398440
4398450
4398530
4400100
4400570
4400910
4401080
4401100
4401470
4401500
4401750
4401990
4402170
4402620
4402780
4403080
4403190
4403200
4403390
4403470
4403510
4403730
4403840
4404220
4404240
4404260
4404580
4404610
4404620
4405040
4405240
4405520
4405870
4405960
4406820
4407080
4407460
4407810
4407980
4408080
4408250
4409000
4409470
4410040
4410190
4410400
4410460
4410760
4410810
4410910
4411020
4411150
4411260
4412060
4412130
4412330
4412350
4412450
4412670
4412770
4412840
4413270
4413310
4413820
4413910
4414400
4414670
4414720
4415020
4415260
4415290
4415680
4415780
4415830
4415880
4416050
4416240
4416360
4416580
4416660
4416760
4416790
4416800
4417320
4417490
4417560
4417700
4418740
4418820
4419290
4419630
4419820
4419920
4420180
4420410
4420930
4421280
4421830
4421840
4422320
4423160
4423200
4423460
4423730
4424640
4424670
4424780
4424810
4424880
4425000
4425460
4426240
4426550
4426750
4427290
4427300
4427760
4428160
4428460
4428530
4430290
4430380
4431050
4431150
4431430
4431600
4431650
4431720
4432180
4432730
4432830
4432970
4433470
4433620
4433730
4433790
4433970
4435090
4435390
4435870
4436220
4436380
4436600
4437300
4437460
4437990
4438780
4439150
4439230
4440600
4440610
4441720
4442210
4442240
4442250
4442280
4442420
4442600
4442640
4442730
4442850
4442940
4443030
4443400
4443460
4443620
4443940
4444510
4444780
4445010
4445960
4446000
4446010
4446440
4446580
4447430
4447700
4448290
4448430
4448510
4448550
4448590
4448600
4448700
4448820
4449400
4449700
4450800
4451240
4451400
4451550
4452000
4452060
4452760
4453030
4453060
4453440
4453470
4453480
4453870
4454120
4454240
4454610
4454710
4454830
4455100
4455420
4455430
4455660
4455690
4456000
4456410
4456450
4456500
4456950
4457470
4457630
4458330
4459010
4459040
4459140
4459860
4460390
4461270
4461780
4461910
4461930
4462000
4462380
4462450
4462820
4463060
4463220
4463350
4463540
4463680
4463740
4463940
4464470
4465370
4465530
4466150
4466240
4466300
4466660
4466690
4467300
4467530
4467540
4467580
4467830
4468330
4468440
4468920
4471060
4473990
4474030
4474490
4474500
4474570
4474620
4474640
4474700
4475160
4475400
4476180
4476380
4477180
4478670
4478730
4479070
4480170
4480500
4480820
4480890
4481000
4481020
4481250
4481280
4481290
4481370
4481700
4481740
4481800
4482400
4483200
4483770
4484320
4484650
4484750
4484950
4485600
4485750
4485760
4486060
4486610
4486960
4487250
4487490
4487700
4487710
4487890
4488280
4488820
4488970
4489330
4489650
4489770
4490110
4490130
4490900
4491240
4491380
4492290
4492320
4492650
4492660
4492860
4492920
4492930
4493190
4494140
4495630
4496370
4496690
4497860
4498360
4498940
4499260
4499530
4499600
4499930
4500190
4500340
4500370
4501110
4502040
4502800
4502970
4503010
4503550
4503590
4504150
4504560
4504670
4504770
4504860
4505030
4505320
4505460
4505700
4505800
4506860
4507030
4507910
4509040
4509080
4509410
4509460
4510580
4510760
4510980
4511100
4511840
4511950
4511970
4512180
4512190
4512550
4512740
4513140
4513580
4513920
4514380
4514760
4515560
4515930
4516050
4516310
4516390
4516860
4516940
4517070
4517630
4517700
4518010
4518030
4519130
4519210
4519830
4520050
4520830
4521670
4521970
4523160
4523470
4523540
4523630
4524000
4524140
4524190
4524670
4525410
4525810
4525990
4526110
4526310
4526350
4526500
4526560
4526910
4527010
4527130
4527180
4527190
4527690
4527850
4528300
4528310
4528380
4528790
4528890
4529090
4529120
4529550
4529630
4529660
4529800
4530190
4530540
4530770
4530780
4531070
4531470
4531590
4531980
4532220
4532370
4532510
4532530
4532900
4533040
4533100
4533360
4533830
4535030
4535100
4535410
4535420
4536010
4536070
4536230
4536430
4537270
4537330
4537920
4537940
4538310
4538450
4539060
4539470
4539670
4539910
4540470
4540920
4541340
4541560
4541570
4541600
454190
4541950
4542200
4542220
4542450
4542800
4542990
4543060
4543290
4543670
4544780
4544800
4545120
4545410
4545570
4545580
4545840
4545890
4545920
4546010
4546690
4546900
4547370
4547380
4547410
4547480
4547620
4547720
4547840
4548050
4548080
4548370
4548560
4549020
4549100
4549170
4549250
4549490
4549750
4550370
4551020
4551230
4551820
4551840
4552000
4552340
4552400
4552880
4552890
4553140
4553590
4553600
4554230
4554260
4554720
4555340
4555380
4555560
4555630
4556020
4556160
4556170
4556570
4556600
4556720
4556870
4556930
4557010
4557140
4557340
4557370
4557390
4557860
4558500
4558610
4558620
4558660
4558690
4558790
4559410
4559720
4560100
4560270
4560490
4560660
4560820
4561290
4561850
4562070
4562260
4562390
4562430
4563060
4563080
4563160
4563450
4564480
4564500
4564570
4564890
4564930
4565490
4565800
4566050
4566080
4566150
4566700
4566740
4566750
4566760
4567030
4567080
4567270
4567300
4567460
4567470
4567610
4567630
4567640
4567730
4567820
4567940
4568090
4568210
4568540
4568870
4568910
4568920
4569100
4569210
4569480
4569500
4569620
4569990
4570100
4570320
4570520
4570640
4570760
4572220
4573080
4573530
4573690
4574130
4574210
4574300
4574440
4574570
4575250
4576070
4576220
4576530
4576730
4576820
4576940
4577030
4577800
4578010
4578130
4578700
4578780
4579550
4579840
4579940
4580070
4580120
4580140
4580380
4580490
4580560
4580670
4580690
4581240
4581400
4581490
4582180
4582500
4582710
4583740
4584290
4584430
4584700
4585290
4585340
4585660
4585910
4585960
4586000
4586150
4586380
4586590
4586670
4586770
4587010
4587740
4588220
4588540
4588630
4588860
4589280
4589290
4589380
4589820
4589840
4589870
4590420
4590650
4590790
4591220
4591250
4591300
4591480
4591620
4591940
4592160
4592430
4592670
4592790
4592910
4593000
4593100
4593250
4593460
4593750
4593910
4594040
4594150
4594170
4594230
4594510
4594990
4595170
4595260
4595430
4595510
4595540
4595670
4595820
4595880
4596330
4597060
4597330
4597980
4598440
4598550
4598690
4598770
4598920
4599050
4599320
4599440
4599500
4599570
4599710
4601620
4602130
4602310
4602430
4602610
4602730
4602910
4603360
4603640
4603660
4603790
4604090
4604100
4604120
4604160
4604580
4604680
4604750
4605400
4605460
4606000
4606010
4606040
4606590
4606840
4607220
4607920
4608180
4608200
4608920
4609110
4609240
4609510
4609800
4610050
4610100
4610340
4610550
4610820
4610900
4610990
4611000
4611250
4611510
4611580
4611810
4612340
4612440
4612560
4612570
4612580
4613280
4613290
4613430
4613610
4613700
4613740
4613860
4613880
4614320
4614420
4614780
4615010
4615130
4615150
4615190
4615630
4615740
4615810
4615960
4616040
4616500
4616680
4616790
4616860
4616930
4617250
4617760
4618260
4618540
4619000
4619110
4619270
4619290
4619350
4619420
4619540
4619720
4619820
4620430
4620800
4620880
4621410
4621670
4622030
4623160
4623210
4623650
4623670
4623790
4624240
4624320
4624340
4624460
4624480
4625660
4625760
4625820
4625990
4626240
4626250
4626450
4626700
4627080
4627240
4627340
4627560
4627920
4628170
4628380
4629750
4629760
4630290
4630550
4631110
4631140
4631240
4631500
4631950
4632530
4632580
4632700
4633010
4633050
4633300
4633350
4633460
4633530
4634540
4634850
4635520
4636000
4636460
4636730
4636840
4637150
4637330
4637590
4637870
4638110
4638590
4638720
4639120
4639490
4639590
4639790
4639940
4639990
4640260
4640320
4640610
4641510
4641800
4642280
4642290
4642530
4642580
4642760
4643140
4643260
4643600
4643910
4644010
4644080
4644390
4644600
4644830
4644930
4645100
4645200
4645380
4645720
4646330
4646340
4646490
4646700
4646960
4647200
4647220
4650570
4650780
4650960
4651780
4652120
4652560
4652720
4652940
4652990
4653050
4653230
4653330
4653400
4653810
4654250
4654260
4654610
4654630
4654660
4654770
4655040
4655090
4655210
4656440
4656530
4656550
4656830
4656850
4656950
4657170
4657380
4657460
4657940
4658020
4658500
4658780
4658900
4658970
4659130
4659470
4659650
4659700
4659990
4660490
4660770
4661010
4661030
4661250
4661440
4661760
4662200
4662480
4663190
4663750
4664190
4664400
4664470
4664930
4665000
4665200
4665360
4665690
4665930
4666150
4666210
4666600
4666630
4666710
4667030
4667470
4667580
4667600
4667860
466800
4668180
4668410
4668500
4669100
4670150
4670780
467090
4671300
4671310
4671470
4671490
4671510
4671620
4671800
4672100
4672390
4672490
4672590
4672640
4673000
4673170
4673560
4673760
4673880
4673890
4674680
4674690
4675130
4675480
4675800
4675820
4676000
4676130
4676280
4677550
4677890
4677970
4678100
4678440
4679700
4680510
4681120
4681550
4681670
4681780
4682160
4682190
4682220
4682490
4682630
4682790
4682930
4683580
4683600
4684330
4684720
4684760
4685090
4685210
4685510
4685590
4685890
4686510
4686760
4686910
4687060
4687420
4687620
4687700
4687790
4687830
4687950
4687960
4688190
4688390
4688740
4688880
4689320
4689340
4689430
4689940
4689990
4690160
4690400
4690460
4690510
4690960
4691510
4691610
4692020
4692050
4692360
4692440
4692540
4692590
4692730
4692850
4693360
4693570
4693790
4694060
4694090
4694890
4694970
4695000
4695010
4695070
4695180
4695320
4696030
4696730
4696760
4697060
4697480
4697930
4698060
4698200
4698260
4698270
4698360
4698440
4698470
4698650
4698900
4698970
4699100
4699200
4699230
4699430
4699700
4699980
4700010
4700710
4700750
4701060
4701140
4701210
4701310
4701480
4701630
4701770
4701820
4702210
4702290
4702550
4703120
4703150
4703770
4704150
4704490
4704740
4704790
4704860
4705600
4705770
4705950
4706340
4706790
4706830
4707170
4707330
4707810
4708070
4708300
4708470
4708910
4709200
4709220
4709260
4709320
4709390
4709620
4709640
4709930
4709940
4710060
4710240
4710460
4711140
4711220
4711390
4711530
4711890
4711960
4712180
4712290
4712770
4713030
4713040
4713110
4713470
4714040
4714200
4714360
4715290
4715330
4715420
4715740
4715900
4716120
4716250
4716350
4716600
4716760
4717020
4717690
4717750
4718230
4718240
4718410
4718480
4718520
4718870
4719240
4719580
4719590
4719670
4720010
4720030
4720210
4720470
4720600
4721090
4724120
4724680
4724860
4724900
4725280
4725710
4725740
4725770
4725820
4725830
4726270
4726280
4726520
4726660
4726740
4726870
4726980
4727230
4727630
4727650
4727890
4728270
4728400
4728550
4728720
4728910
4728990
4729020
4729100
4729240
4729390
4729940
4730060
4730150
4730430
4730440
4730510
4730750
4730930
4731250
4731620
4731750
4731900
4731910
4732210
4732400
4732420
4732430
4732630
4732680
4732910
4733010
4733320
4733540
4734650
4734750
473540
4735620
4735860
4736100
4736840
4737050
4737100
4737250
4737480
4737490
4737740
4738060
4738250
4738280
4738540
4738650
4738900
4739360
4739500
4739830
4740230
4740390
4740700
4741400
4741450
4741590
4741720
4742090
4742600
4743120
4743340
4743500
4743750
4743990
4744390
4744580
4745700
4745920
4746040
4746420
4746580
4746610
4746660
4747060
4747210
4748260
4748760
4749780
4749870
4749920
4749960
4750300
4750480
4750630
4750640
4751060
4751070
4751480
4751690
4751880
4752080
4752350
4752540
4752630
4752660
4752700
4753200
4753260
4753340
4754000
4754040
4754650
4754980
4755070
4755180
4755320
4755500
4755630
4755980
4756620
4757090
4757370
4757690
4758160
4758450
4758520
4759190
4759530
4760300
4760630
4760940
4761170
4761210
4761270
4761430
4762240
4762360
4762460
4762830
4763130
4763730
4763820
4763850
4764180
4764220
4764570
4764590
4764630
4764740
4764770
4765090
4765160
4765200
4765730
4765830
4765940
4765950
4766160
4766260
4766520
4766640
4767300
4767890
4767920
4768150
4769470
4769830
4769940
4769980
4770370
4770560
4770580
4770890
4771010
4771710
4771720
4771770
4772170
4772320
4772360
4772630
4772820
4772840
4773470
4773630
4773670
4774290
4774330
4775290
4775300
4775400
4775850
4775940
4776170
4776230
4776260
4776320
4776390
4776580
4776750
4776760
4777160
4777250
4777430
4777770
4777880
4777940
4778730
4779280
4779330
4779360
4779380
4779560
4779570
4779620
4779670
4779680
4780430
4780670
4780850
4781410
4781460
4781620
4781730
4781840
4782070
4782540
4782770
4782780
4782800
4782820
4782890
4783040
4783080
4783160
4783340
4783610
4783690
4783790
4784120
4784690
4784780
4784970
4785220
4785240
4785260
4785430
4785440
4785650
4785700
4785810
4785880
4786310
4787020
4787030
4787240
4787570
4787580
4787660
4787750
4787990
4788290
4788310
4788340
4788390
4788740
4788770
4788860
4788930
4789540
4789810
4789980
4790300
4790370
4790620
4791090
4791290
4791960
4792550
4792900
4794230
4794260
4794340
4794380
4794410
4794730
4795110
4795530
4795550
4795670
4795950
4796420
4796490
4797230
4797320
4797500
4797770
4798250
4798470
4798500
4798520
4798990
4799080
4799270
4799400
4799690
4799770
4799780
4801330
4801710
4801780
4802400
4802460
4802610
4802730
4803100
4803140
4803430
4803640
4803650
4803840
4803930
4804060
4804110
4804250
4804260
4804350
4804360
4804520
4804580
4805390
4805740
4805850
4806000
4806130
4806140
4806200
4806320
4806340
4806400
4806440
4806660
4807090
4807760
4807940
4808080
4808330
4809000
4809390
4810220
4810400
4810670
4810900
4811820
4811910
4811940
4812330
4812700
4813450
4813540
4813630
4813830
4813880
4814180
4814230
4814750
4815020
4815140
4815210
4815410
4815850
4816230
4816540
4817090
4818640
4818660
4819480
4819700
4819710
4820200
4820210
4820710
4820720
4820850
4821000
4821330
4821640
4821740
4821840
4821890
4823860
4824580
4824770
4824960
4824990
4825510
4825980
4826090
4826250
4826510
4827230
4827240
4827580
4827680
4827850
4828160
4828340
4828610
4828620
4828970
4829010
4829140
4829260
4829370
4829510
4829710
4830150
4830370
4830460
4830630
4830880
4831030
4831170
4831870
4832090
4832600
4832620
4832740
4832790
4833090
4833180
4833200
4833820
4834090
4834160
4834680
4835130
4835580
4835790
4836220
4836510
4837990
4838390
4838400
4838410
4838430
4838630
4838940
4839000
4839160
4839500
4839870
4840370
4840740
4841280
4841890
4842530
4843070
4843340
4843580
4843660
4843810
4844530
4844840
4844970
4845570
4846590
4846750
4846810
4847130
4848100
4848620
4848630
4849950
4850160
4850310
4850820
4850900
485100
4851170
4851630
4852420
4852440
4852810
4852900
4853350
4853390
4853410
4853590
4853670
4853690
4854410
4855250
4855520
4855540
4855620
4856100
4856860
4857150
4857170
4857250
4857520
4857700
4857970
4858290
4858780
4858950
4859340
4859390
4859700
4859780
4860070
4860620
4860940
4861210
4861370
4861880
4861910
4862440
4863040
4863170
4864830
4865240
4865650
4865750
4865940
4866160
4866650
4866660
4867020
4867040
4867830
4869410
4869780
4869810
4870070
4870090
4871120
4871210
4871660
4871930
4873200
4873360
4874570
4874880
4874890
4874970
4875100
4875260
4875650
4875900
4876200
4876470
4876640
4877170
4877360
4877980
4878180
4878460
4878830
4879070
4879960
4880170
4880470
4880500
4880930
4881470
4881730
4882110
4882140
4882160
4882260
4882860
4883120
4883790
4884120
4884690
4884730
4884830
4884990
4885140
4885280
4885290
4886040
4886100
4886540
4886570
4887360
4888160
4888210
4888220
4888570
4888740
4889230
4889260
4889440
4890240
4890340
4890720
4891020
4891220
4891800
4892010
4892090
4892260
4892350
4893030
4894580
4894810
4895140
4895540
4895910
4896020
4896230
4896710
4897280
4897450
4897690
4897700
4898150
4898710
4899020
4899300
4899680
4900320
4900590
4900770
4901120
4901300
4901720
4901740
4901850
4902430
4903090
4903110
4903360
4903840
4903990
4904280
4904580
4904810
4904920
4905950
4906020
4906490
4907960
4907990
4908520
4908610
4908930
4910220
4910240
4910250
4910450
4911000
4911030
4911250
4911560
4911790
4911800
4912540
4912570
4912850
4913310
4913400
4913780
4913910
4914070
4914160
4914550
4915240
4915440
4915480
4915540
4915810
4915820
4915980
4916250
4916690
4916930
4917740
4917860
4918460
4918510
4919300
4919580
4919960
4920200
4920250
4920370
4920670
4921440
4921570
4922130
4922170
4922210
4922240
4922940
4923030
4923320
4923580
4923640
4923690
4923840
4924130
4924790
4925090
4926320
4926670
4927260
4927290
4927390
4927470
4927600
4927760
4927890
4928150
4928930
4929060
4929290
4929630
4929730
4929930
4930090
4930200
4930310
4930320
4930450
4930740
4930750
4930820
4930960
4931160
4931600
4933430
4934210
4934380
4934450
4934770
4936510
4937090
4937940
4938250
4938340
4938950
4938990
4939070
4939350
4939460
4939910
4939940
4940090
4940220
4940370
4940570
4940880
4941110
4941120
4941300
4941780
4942220
4942470
4942840
4943040
4943140
4943230
4943780
4943790
4944020
4944180
4944730
4944990
4945160
4945700
4945710
4945930
4946010
4946490
4947570
4947750
4947770
4947780
4947800
4947920
4948550
4948670
4948890
4949010
4949060
4949130
4949320
4950360
4950390
4950490
4950690
4951090
4951100
4951410
4951480
4951600
4951640
4951650
4952010
4952070
4952280
4952290
4952510
4952820
4953000
4953030
4953270
4953710
4953830
4953970
4954040
4954340
4954620
4954710
4955140
4955210
4955890
4956090
4956300
4956870
4956880
4957060
4957080
4957110
4957140
4957170
4957740
4957750
4958020
4958190
4958430
4958840
4958860
4959420
4959590
4959640
4960070
4960160
4960300
4960360
4960600
4960870
4961020
4962700
4962780
4963690
4963720
4963970
4964270
4964930
4965080
4965580
4965600
4965830
4965900
4966000
4966060
4966590
4966800
4967390
4967510
4967710
4968080
4968220
4968610
4969030
4969980
4970170
4970270
4970680
4970700
4970760
4970910
4971160
4971190
4971240
4971630
4972240
4972610
4972660
4972900
4973010
4973550
4973620
4974050
4974530
4974900
4975090
4976250
4976620
4976880
4977130
4977300
4977910
4978100
4979290
4979620
4979870
4980130
4980140
4980640
4980700
4980740
4980810
4981180
4981490
4981510
4981640
4981650
4982020
4982130
4982420
4982430
4982680
4982710
498310
4983160
4983490
4983600
4983890
4983980
4984120
4984220
4985620
4985720
4986980
4987070
4987110
4987740
4988130
4988700
4988870
4988990
4989200
4989350
4989910
4990020
4990230
4990440
4990640
4990660
4991000
4991250
4991410
4991450
4991480
4991920
4992390
4992460
4992510
4992740
4993860
4994010
4994230
4994270
4994330
4994400
4994460
4994630
4994790
4995130
4995220
4995400
4995470
4995840
4995920
4996670
4996780
4996930
4997070
4998370
4998400
4998480
4998680
4998860
4998930
4999630
4999780
4999830
5000230
5000550
5000700
5001020
5002100
5003300
5003860
5004240
5004560
5004700
5005090
5005320
5005380
5005460
5005490
5005970
5006340
5006640
5006820
5006920
5007560
5008290
5008500
5008710
5009220
5009270
5009440
5009510
5009540
5010180
5010290
5010500
5010600
5010850
5011310
5011410
5011550
5011740
5012210
5012240
5012880
5013120
5013210
5013260
5013280
5013530
5013680
5013950
5013970
5014340
5015210
5016020
5016860
5016920
5017010
5017030
5017060
5017230
5017330
5017430
5017590
5017900
5018120
5018460
5019460
5020380
5020580
5020960
5021330
5021480
5021580
5021590
5021750
5021910
5022720
5022760
5023660
5023670
5024000
5024340
5025510
5025920
5026010
5026120
5026250
5026540
5027720
5027730
5027910
5028190
5029970
5030100
5030560
5031130
5031660
5031720
5032280
5032380
5032560
5032620
5033040
5033210
5033310
5033680
5034700
5035320
5036020
5036530
5037970
5038150
5038880
5039060
5039140
5040410
5041490
5041630
5042410
5042600
5042990
5043160
5043820
5044400
5044890
5045120
5045500
5046710
5046900
5047210
5047370
5048470
5049200
5049650
5049670
5049950
5050240
5050530
5051100
5051860
5051870
5052210
5052540
5053080
5053090
5053180
5053300
5053600
5054140
5055440
5056070
5056430
5056480
5057460
5058210
5058760
5059100
5061280
5061500
5061530
5061810
5062100
5062250
5062610
5063940
5064090
5064320
5064700
5064790
5064930
5065010
5065120
5065390
5066410
5066820
5067710
5067720
5068270
5068840
5069300
5069600
5070000
5070010
5070230
5070340
5070410
5070500
5070670
5071020
5071080
5071110
5071210
5071330
5071380
5071500
5072200
5072520
5072650
5073250
5073330
5073500
5073910
5074290
5074530
5076200
5077440
5077610
5077800
5078460
5079010
5079430
5079680
5080200
5080300
5080450
5080540
5080950
5081500
5081710
5081920
5082310
5082860
5082890
5083160
5083310
5085200
5085360
5085490
5085530
5085580
5085690
5085950
5086050
5086220
5086280
5086610
5087420
5087530
5087640
5090820
5091320
5091350
5091400
5091620
5091740
5091800
5091970
5092010
5092250
5092520
5092880
5092910
5093000
5094640
5096000
5096440
5096480
5096530
5096650
5096880
5097360
5097540
5097840
5097860
5098730
5098800
5098940
5099500
5099780
5100360
5100990
5101380
5101640
5102140
5102940
5103530
5103810
5104850
5104970
5105690
5105700
5105930
5106090
5106960
5107150
5107220
5107690
5108260
5109320
5109760
5110080
5110160
5112170
5114110
5114360
5114610
5114650
5114830
5115010
5115300
5115340
5115450
5115640
5116220
5116490
5117140
5117240
5117410
5118400
5118530
5118870
5118900
5119010
5119110
5119430
5119590
5120060
5120730
5121010
5121400
5121590
5121700
5121800
5121880
5122280
5122730
5123970
5124230
5124410
5125730
5126610
5127500
5127560
5127880
5128270
5128280
5128490
5128880
5129100
5129360
5129570
5130140
5131250
5131540
5131550
5132050
5134320
5134780
5135330
5135530
5135550
5136490
5137020
513720
5137370
5139170
5139530
5141040
5141130
5141200
5141250
5141510
5143380
5143740
5144150
5144510
5144680
5146940
5147340
5147650
5147800
5148100
5149610
5150540
5150990
5151570
5151680
5152410
5153060
5153150
5153390
5154210
5154260
5154330
5154600
5155780
5155930
5156170
5156670
5157320
5157490
5157600
5158090
5158680
5159110
5159440
5159970
5160410
5161120
5161500
5161640
5163400
5163540
5164020
5164040
5164210
5165210
5165660
5166850
5167280
5167340
5167740
5167920
5168480
5169210
5169540
5169650
5170890
5171020
5171270
5171320
5171870
5172030
5172540
5174160
5174700
5174950
5175340
5175760
5175980
5176930
5176980
5177490
5177930
5178380
5179180
517960
5179760
5180490
5180830
5182280
5182400
5182890
5183450
5184350
5184840
5184850
5185390
5185590
5185800
5186210
5186930
5187060
5187150
5187360
5187560
5187600
5188420
5188590
5189900
5190090
5190120
5190130
5190900
5191610
5191650
5192780
5193010
5193590
5193600
5193710
5193940
5194570
5194740
5194960
5195310
5195320
5195460
5196010
5196070
5196640
5196680
5198090
5198240
5198380
5198510
5198920
5199930
5200460
5201030
5201190
5201550
5201920
5202470
5202960
5203280
5204260
5204370
5204730
5204970
5205510
5205720
5207890
5209730
5210280
5211180
5211460
5211680
5212330
5213200
5214020
5214730
5214890
5214950
5215140
5215170
5215710
5215790
5216860
5216940
5217860
5219230
5220110
5221120
5221530
5223070
5223620
5225170
5225880
5225900
5226630
5226740
5226820
5226860
5227280
5228090
5229680
5230650
5230670
5231480
5232040
5233270
5237040
5240660
5246280
5248450
5250340
552180
563750
567780
569660
579230
581840
584800
590660
591000
618990
652340
658220
660760
666090
672860
673720
679100
695560
700920
701680
71000
712880
716070
717710
726840
731350
731820
734450
740310
754240
755340
755610
769600
771420
777170
783220
787980
789130
789210
799340
801950
802920
803930
805920
806790
818620
824090
835450
835640
838990
840110
840280
845700
845940
846030
850740
857210
859960
861960
863230
863330
864190
866400
869510
873260
873830
874560
881470
892840
897110
901000
904640
906450
910860
912970
913820
917970
923710
924870
928660
940920
941400
941640
948220
949730
951670
956910
960070
960530
961190
965050
975150
976030
977010
980160
980440
982100
983580
992860
